[mass=10.0;maxForwardSpeed=10.0;maxBackwardSpeed=0.0;turnRange=0.349066;brakePower=0.3;enginePower=0.2;steeringPower=0.2]
1;0;0.02;7.806902;0.0;2.417675;
1;0;0.04;7.798902;0.0;2.417675;
1;0;0.06;7.786902;0.0;2.417675;
1;0;0.08;7.770902;0.0;2.417675;
1;0;0.1;7.750902;0.0;2.417675;
1;0;0.12;7.726902;0.0;2.417675;
1;0;0.14;7.698902;0.0;2.417675;
1;0;0.16;7.666902;0.0;2.417675;
1;0;0.18;7.630902;0.0;2.417675;
1;0;0.2;7.590902;0.0;2.417675;
1;0;0.22;7.546902;0.0;2.417675;
1;0;0.24;7.498902;0.0;2.417675;
1;0;0.26;7.446902;0.0;2.417675;
1;0;0.28;7.390902;0.0;2.417675;
1;0;0.3;7.330902;0.0;2.417675;
1;0;0.32;7.266902;0.0;2.417675;
1;0;0.34;7.198902;0.0;2.417675;
1;0;0.36;7.126902;0.0;2.417675;
1;0;0.38;7.050902;0.0;2.417675;
1;0;0.4;6.970902;0.0;2.417675;
1;0;0.42;6.886902;0.0;2.417675;
1;0;0.44;6.798902;0.0;2.417675;
1;0;0.46;6.706902;0.0;2.417675;
1;-1;0.48;6.610913;0.014728;2.417492;
1;-1;0.5;6.511007;0.04381;2.416916;
1;0;0.52;6.407109;0.044425;2.416301;
1;0;0.54;6.299217;0.045082;2.415644;
1;0;0.56;6.187332;0.045785;2.414942;
1;0;0.58;6.071456;0.046535;2.414191;
1;-1;0.6;5.951662;0.059175;2.413188;
1;-1;0.62;5.828087;0.083559;2.411699;
1;-1;0.64;5.700984;0.1196;2.409462;
1;0;0.66;5.569946;0.121997;2.407065;
1;0;0.68;5.434978;0.124569;2.404493;
1;0;0.7;5.296087;0.127332;2.40173;
1;0;0.72;5.15328;0.130303;2.398758;
1;0;0.74;5.006566;0.133505;2.395557;
1;0;0.76;4.855953;0.13696;2.392102;
1;0;0.78;4.701454;0.140696;2.388366;
1;0;0.8;4.54308;0.144744;2.384318;
1;0;0.82;4.380847;0.14914;2.379922;
1;0;0.84;4.214772;0.153927;2.375135;
1;0;0.86;4.044874;0.159154;2.369908;
1;0;0.88;3.871179;0.16488;2.364182;
1;1;0.9;3.69348;0.163124;2.358181;
1;1;0.92;3.511567;0.153784;2.352175;
1;1;0.94;3.325248;0.13669;2.346497;
1;0;0.96;3.135122;0.143017;2.34017;
1;0;0.98;2.941222;0.150105;2.333082;
1;0;1.0;2.74359;0.158094;2.325093;
1;0;1.0;2.546224;0.166974;2.316213;
1;0;1.0;2.349171;0.176899;2.306288;
1;0;1.0;2.152488;0.188063;2.295124;
1;0;1.0;1.956251;0.200712;2.282475;
1;0;1.0;1.760554;0.215156;2.268031;
1;0;1.0;1.565521;0.231801;2.251386;
1;0;1.0;1.371315;0.251178;2.232009;
1;0;1.0;1.178158;0.274001;2.209186;
1;0;1.0;0.986357;0.301249;2.181938;
1;0;1.0;0.796344;0.33429;2.148897;
1;-1;1.0;0.609271;0.382878;2.10729;
1;-1;1.0;0.426909;0.451042;2.053089;
1;-1;1.0;0.252081;0.544674;1.980401;
1;-1;1.0;0.089385;0.672236;1.880764;
1;-1;1.0;8.02138;-0.450157;-1.065104;
1;-1;1.0;7.838175;-0.417254;-1.05612;
1;-1;1.0;7.651893;-0.376709;-1.047796;
1;-1;1.0;7.462653;-0.328441;-1.040213;
1;-1;1.0;7.270892;-0.272387;-1.033435;
1;-1;1.0;7.077307;-0.208462;-1.027547;
1;-1;1.0;6.882888;-0.136561;-1.022654;
1;0;1.0;6.685661;-0.140461;-1.018754;
1;0;1.0;6.487683;-0.1442;-1.015014;
1;-1;1.0;6.289615;-0.140972;-1.011261;
1;-1;1.0;6.091271;-0.130582;-1.007689;
1;-1;1.0;5.892506;-0.112813;-1.004514;
1;-1;1.0;5.693248;-0.087421;-1.00198;
1;-1;1.0;5.493532;-0.054131;-1.000363;
1;-1;1.0;5.293548;-0.012632;-0.999974;
1;-1;1.0;5.093683;0.037426;-1.001163;
1;-1;1.0;4.894689;0.096382;-1.004269;
1;0;1.0;4.69565;0.099761;-1.007648;
1;0;1.0;4.49668;0.103385;-1.011272;
1;-1;1.0;4.297943;0.114524;-1.01543;
1;-1;1.0;4.099656;0.133512;-1.020455;
1;-1;1.0;3.902133;0.160733;-1.026732;
1;0;1.0;3.70482;0.167536;-1.033535;
1;0;1.0;3.507744;0.174935;-1.040934;
1;0;1.0;3.310937;0.183009;-1.049008;
1;0;1.0;3.114437;0.191856;-1.057855;
1;0;1.0;2.918293;0.201589;-1.067588;
1;0;1.0;2.722558;0.212346;-1.078345;
1;0;1.0;2.527302;0.224296;-1.090296;
1;0;1.0;2.332609;0.237645;-1.103644;
0;1;1.0;2.138239;0.245234;-1.118215;
0;1;1.0;1.943921;0.246844;-1.133788;
0;1;1.0;1.749367;0.242195;-1.150082;
-1;1;0.97;1.560126;0.230151;-1.166179;
-1;1;0.94;1.375952;0.209883;-1.18148;
-1;1;0.91;1.196681;0.180387;-1.195223;
-1;1;0.88;1.022221;0.140659;-1.206668;
-1;1;0.85;0.852634;0.089704;-1.2151;
-1;1;0.82;0.688257;0.026274;-1.219571;
-1;1;0.79;0.529749;-0.051222;-1.218812;
-1;1;0.76;0.378148;-0.144847;-1.21111;
-1;1;0.73;0.23496;-0.257276;-1.194168;
-1;1;0.7;0.102259;-0.39191;-1.164994;
-1;1;0.67;7.118589;1.359666;2.415471;
0;1;0.67;7.101547;1.248521;2.400316;
0;1;0.67;7.07493;1.126068;2.386049;
1;1;0.69;7.038408;0.992645;2.372634;
1;1;0.71;6.991607;0.848524;2.360085;
1;1;0.73;6.934246;0.69401;2.348366;
1;1;0.75;6.866076;0.529388;2.337445;
1;1;0.77;6.786868;0.354928;2.327296;
1;1;0.79;6.696416;0.170879;2.317898;
1;0;0.81;6.594534;0.179542;2.309236;
1;0;0.83;6.481054;0.187481;2.301297;
1;0;0.85;6.355826;0.1947;2.294078;
1;0;0.87;6.218713;0.201198;2.28758;
1;0;0.89;6.069597;0.206966;2.281812;
1;0;0.91;5.90837;0.211987;2.276791;
1;1;0.93;5.736732;0.209648;2.271623;
1;1;0.95;5.554815;0.200209;2.266206;
1;1;0.97;5.363978;0.183559;2.260804;
1;1;0.99;5.168411;0.159392;2.255866;
1;0;1.0;4.97103;0.164709;2.25055;
1;0;1.0;4.77383;0.170388;2.24487;
1;0;1.0;4.576829;0.176469;2.238789;
1;0;1.0;4.38005;0.182995;2.232263;
1;0;1.0;4.183517;0.190017;2.225241;
1;0;1.0;3.98726;0.197591;2.217667;
1;1;1.0;3.791032;0.198519;2.209758;
1;1;1.0;3.594575;0.192544;2.20177;
1;1;1.0;3.397645;0.179366;2.194004;
1;1;1.0;3.200043;0.158625;2.18682;
1;0;1.0;3.002678;0.166518;2.178927;
1;0;1.0;2.805589;0.175229;2.170216;
1;0;1.0;2.60882;0.184891;2.160554;
1;0;1.0;2.412427;0.195666;2.149779;
1;0;1.0;2.216478;0.207755;2.13769;
1;0;1.0;2.021061;0.22141;2.124035;
1;0;1.0;1.826284;0.236951;2.108494;
1;0;1.0;1.632291;0.254787;2.090657;
1;0;1.0;1.439269;0.275454;2.069991;
1;0;1.0;1.247467;0.29966;2.045785;
1;0;1.0;1.057227;0.328362;2.017083;
1;0;1.0;0.869026;0.362879;1.982566;
1;0;1.0;0.683547;0.40506;1.940385;
1;0;1.0;0.501801;0.457564;1.887881;
1;0;1.0;0.325323;0.524279;1.821166;
1;-1;1.0;0.157333;0.618922;1.733504;
1;-1;1.0;0.003068;0.751092;1.615296;
1;-1;1.0;2.749802;-0.52145;-1.215603;
1;-1;1.0;2.574924;-0.520031;-1.189097;
1;-1;1.0;2.39928;-0.512564;-1.161657;
1;-1;1.0;2.222304;-0.498827;-1.133507;
1;-1;1.0;2.043455;-0.478543;-1.104922;
1;-1;1.0;1.862787;-0.451719;-1.075895;
1;-1;1.0;1.680644;-0.418394;-1.046388;
1;-1;1.0;1.497557;-0.378543;-1.016426;
1;-1;1.0;1.314247;-0.332037;-0.986138;
1;-1;1.0;1.131597;-0.278578;-0.955821;
1;-1;1.0;0.950628;-0.217602;-0.92604;
0;0;1.0;0.765466;-0.249031;-0.894611;
0;0;1.0;0.575917;-0.282984;-0.860658;
0;0;1.0;0.384998;-0.323316;-0.820326;
-1;1;0.97;0.203146;-0.382865;-0.767973;
-1;1;0.94;0.032372;-0.468042;-0.697421;
-1;1;0.91;12.665646;1.917661;-2.12705;
-1;1;0.88;12.721467;1.899621;-2.13924;
-1;1;0.85;12.771104;1.873006;-2.151068;
-1;1;0.82;12.813424;1.837538;-2.162556;
-1;1;0.79;12.847517;1.792902;-2.173713;
-1;1;0.76;12.87324;1.738743;-2.184534;
-1;1;0.73;12.890434;1.674661;-2.194995;
0;1;0.73;12.899169;1.601045;-2.205486;
1;1;0.75;12.899614;1.518373;-2.216228;
1;1;0.77;12.891779;1.426787;-2.227124;
1;1;0.79;12.875574;1.326381;-2.238036;
1;1;0.81;12.850771;1.217199;-2.248791;
1;1;0.83;12.816983;1.099233;-2.259174;
1;1;0.85;12.77369;0.972458;-2.268961;
1;1;0.87;12.720641;0.83708;-2.27817;
1;1;0.89;12.657605;0.693293;-2.286813;
1;1;0.91;12.58437;0.541281;-2.294903;
1;1;0.93;12.50074;0.381219;-2.30245;
1;1;0.95;12.406535;0.213273;-2.309462;
1;1;0.97;12.28102;0.027185;-2.30553;
1;0;0.99;12.147194;0.024035;-2.30238;
1;0;1.0;12.004952;0.021687;-2.300032;
1;0;1.0;11.85422;0.020162;-2.298507;
1;0;1.0;11.694945;0.019487;-2.297831;
1;0;1.0;11.526704;0.019455;-2.2978;
1;0;1.0;11.348554;0.019531;-2.297876;
1;0;1.0;11.160494;0.019719;-2.298064;
1;0;1.0;10.962525;0.020026;-2.298371;
1;0;1.0;10.762566;0.020367;-2.298712;
1;0;1.0;10.562608;0.020719;-2.299064;
1;0;1.0;10.362652;0.021084;-2.299429;
1;1;1.0;10.162672;0.014355;-2.299681;
1;1;1.0;9.962672;0.0004;-2.299688;
1;1;1.0;9.762715;-0.020926;-2.299307;
1;0;1.0;9.56276;-0.021322;-2.298911;
1;0;1.0;9.362806;-0.021734;-2.298499;
1;0;1.0;9.162854;-0.022161;-2.298071;
1;0;1.0;8.962905;-0.022606;-2.297627;
1;0;1.0;8.762957;-0.023069;-2.297163;
1;0;1.0;8.563011;-0.023552;-2.296681;
1;0;1.0;8.363068;-0.024055;-2.296178;
1;0;1.0;8.163127;-0.02458;-2.295653;
1;0;1.0;7.963189;-0.025128;-2.295105;
1;0;1.0;7.763253;-0.025701;-2.294531;
1;0;1.0;7.563321;-0.026302;-2.293931;
1;0;1.0;7.363392;-0.026931;-2.293302;
1;0;1.0;7.163466;-0.02759;-2.292642;
1;0;1.0;6.963544;-0.028283;-2.29195;
1;-1;1.0;6.76359;-0.02185;-2.291401;
1;-1;1.0;6.563597;-0.008096;-2.291192;
1;-1;1.0;6.363614;0.013197;-2.291541;
1;0;1.0;6.163632;0.013565;-2.29191;
1;0;1.0;5.963651;0.013955;-2.292299;
1;0;1.0;5.763671;0.014367;-2.292712;
1;0;1.0;5.563692;0.014805;-2.29315;
1;0;1.0;5.363715;0.01527;-2.293615;
1;0;1.0;5.163739;0.015766;-2.29411;
1;0;1.0;4.963764;0.016294;-2.294639;
1;0;1.0;4.763792;0.01686;-2.295204;
1;0;1.0;4.563821;0.017466;-2.29581;
1;0;1.0;4.363853;0.018117;-2.296462;
1;0;1.0;4.163887;0.018819;-2.297163;
1;0;1.0;3.963924;0.019577;-2.297921;
1;0;1.0;3.763964;0.020399;-2.298743;
1;0;1.0;3.564007;0.021292;-2.299637;
1;0;1.0;3.364055;0.022268;-2.300613;
1;0;1.0;3.164107;0.023338;-2.301682;
1;0;1.0;2.964164;0.024515;-2.30286;
1;1;1.0;2.764196;0.018465;-2.303791;
1;1;1.0;2.564198;0.004755;-2.304044;
1;1;1.0;2.364226;-0.017151;-2.303081;
1;1;1.0;2.164442;-0.047924;-2.300233;
1;1;1.0;1.965174;-0.088412;-2.294653;
1;0;1.0;1.766011;-0.094796;-2.288268;
1;0;1.0;1.566979;-0.102171;-2.280894;
1;0;1.0;1.36811;-0.110785;-2.27228;
1;1;1.0;1.169623;-0.128597;-2.261449;
1;1;1.0;0.971856;-0.156971;-2.247038;
1;1;1.0;0.775366;-0.197853;-2.227099;
1;1;1.0;0.581076;-0.2541;-2.198777;
1;1;1.0;0.390539;-0.33001;-2.157775;
1;1;1.0;0.206403;-0.432177;-2.097495;
1;1;1.0;0.033253;-0.570729;-2.007812;
1;1;1.0;3.110004;0.301632;-2.343597;
1;1;1.0;2.916743;0.25108;-2.355876;
1;1;1.0;2.722237;0.191497;-2.366107;
1;1;1.0;2.527333;0.122215;-2.373619;
1;1;1.0;2.332317;0.042588;-2.377768;
1;1;1.0;2.137026;-0.048011;-2.377926;
1;0;1.0;1.937442;-0.051223;-2.374714;
1;0;1.0;1.737724;-0.054963;-2.370974;
1;0;1.0;1.538049;-0.059292;-2.366645;
1;0;1.0;1.338431;-0.064361;-2.361576;
1;0;1.0;1.138884;-0.070375;-2.355562;
1;0;1.0;0.93943;-0.077626;-2.348311;
1;0;1.0;0.740101;-0.086539;-2.339398;
1;1;1.0;0.541088;-0.10564;-2.327278;
1;1;1.0;0.342729;-0.137376;-2.309505;
1;1;1.0;0.145664;-0.185846;-2.281979;
1;1;1.0;5.868893;0.536792;-3.032542;
1;1;1.0;5.694249;0.516259;-3.046916;
1;1;1.0;5.516973;0.48839;-3.060934;
1;1;1.0;5.336553;0.452951;-3.074365;
1;1;1.0;5.152602;0.409673;-3.086937;
1;1;1.0;4.964839;0.358474;-3.09857;
1;1;1.0;4.773249;0.299291;-3.1092;
1;1;1.0;4.578138;0.232045;-3.118749;
1;1;1.0;4.380166;0.156643;-3.127123;
1;0;1.0;4.182665;0.163726;-3.134206;
1;0;1.0;3.985447;0.170265;-3.140745;
1;0;1.0;3.788459;0.177342;3.135363;
1;0;1.0;3.591731;0.185026;3.127679;
1;0;1.0;3.395299;0.193398;3.119308;
1;0;1.0;3.199203;0.202552;3.110154;
1;1;1.0;3.003204;0.205279;3.100445;
1;0;1.0;2.807622;0.215986;3.089738;
1;0;1.0;2.612523;0.227851;3.077873;
1;0;1.0;2.417991;0.241069;3.064655;
1;0;1.0;2.224128;0.255879;3.049845;
1;0;1.0;2.031062;0.27258;3.033144;
1;0;1.0;1.838957;0.291547;3.014177;
1;0;1.0;1.648021;0.313258;2.992466;
1;0;1.0;1.458527;0.33833;2.967395;
1;0;1.0;1.270835;0.367566;2.938158;
1;0;1.0;1.085433;0.402036;2.903689;
1;0;1.0;0.90299;0.443171;2.862553;
1;0;1.0;0.724444;0.492925;2.8128;
1;1;1.0;0.550414;0.546227;2.752516;
1;1;1.0;0.381814;0.605783;2.678997;
1;1;1.0;0.22006;0.675461;2.588375;
0;1;1.0;0.067386;0.760806;2.475105;
0;1;1.0;1.723464;0.308642;-1.458068;
-1;1;0.97;1.536829;0.286682;-1.478212;
-1;1;0.94;1.354505;0.255911;-1.496972;
-1;1;0.91;1.176442;0.215304;-1.513566;
-1;1;0.88;1.002921;0.163808;-1.527207;
-1;1;0.85;0.834437;0.100049;-1.536797;
-1;1;0.82;0.671746;0.0222;-1.540811;
-1;1;0.79;0.515274;-0.072031;-1.53728;
-1;1;0.76;0.365179;-0.185537;-1.52366;
0;1;0.76;0.222088;-0.321814;-1.496454;
1;1;0.78;0.087077;-0.485361;-1.45093;
1;1;0.8;7.680458;0.969395;2.526832;
1;1;0.82;7.602748;0.848079;2.512886;
1;1;0.84;7.514363;0.7179;2.499491;
1;1;0.86;7.415074;0.579088;2.486611;
1;1;0.88;7.304667;0.431863;2.474211;
1;1;0.9;7.182947;0.276435;2.462257;
1;1;0.92;7.049735;0.113004;2.450718;
1;0;0.94;6.904866;0.124161;2.439561;
1;0;0.96;6.748187;0.134966;2.428755;
1;0;0.98;6.579559;0.14545;2.418272;
1;0;1.0;6.399503;0.155607;2.408115;
1;0;1.0;6.216526;0.164984;2.398737;
1;0;1.0;6.030413;0.173533;2.390188;
1;1;1.0;5.841248;0.174201;2.382539;
1;1;1.0;5.649156;0.166902;2.375876;
1;1;1.0;5.454331;0.151534;2.3703;
1;1;1.0;5.257063;0.127972;2.365937;
1;0;1.0;5.058753;0.132185;2.361724;
1;0;1.0;4.860557;0.136683;2.357226;
1;0;1.0;4.662488;0.141495;2.352413;
1;0;1.0;4.464559;0.146657;2.347252;
1;0;1.0;4.266787;0.152206;2.341703;
1;0;1.0;4.06919;0.158188;2.335721;
1;0;1.0;3.871789;0.164655;2.329254;
1;0;1.0;3.674609;0.171668;2.322241;
1;0;1.0;3.477679;0.179298;2.314611;
1;1;1.0;3.280778;0.180328;2.306599;
1;1;1.0;3.083674;0.174475;2.298489;
1;1;1.0;2.886147;0.161402;2.290619;
1;1;1.0;2.688022;0.140694;2.283402;
1;0;1.0;2.490111;0.14873;2.275366;
1;0;1.0;2.292452;0.157731;2.266364;
1;0;1.0;2.095095;0.167881;2.256214;
1;0;1.0;1.898099;0.179413;2.244682;
1;0;1.0;1.701545;0.192624;2.231471;
1;0;1.0;1.505537;0.207906;2.216189;
1;0;1.0;1.310212;0.225776;2.198319;
1;0;1.0;1.115762;0.24694;2.177156;
1;0;1.0;0.922451;0.272372;2.151723;
1;-1;1.0;0.731083;0.311216;2.119861;
1;-1;1.0;0.542887;0.366603;2.078436;
1;-1;1.0;0.359822;0.443159;2.022824;
1;-1;1.0;0.185088;0.547753;1.946155;
1;-1;1.0;0.024018;0.690336;1.838479;
1;-1;1.0;7.956751;-0.47254;-1.059925;
1;-1;1.0;7.774819;-0.433041;-1.050555;
1;-1;1.0;7.589492;-0.385887;-1.041859;
1;-1;1.0;7.401106;-0.331025;-1.033889;
1;-1;1.0;7.210262;-0.268385;-1.026716;
1;-1;1.0;7.017847;-0.197877;-1.020429;
1;-1;1.0;6.825063;-0.119384;-1.015147;
1;-1;1.0;6.633436;-0.032759;-1.011014;
1;-1;1.0;6.444832;0.062174;-1.008209;
1;-1;1.0;6.261456;0.165626;-1.006942;
1;0;1.0;6.074973;0.165636;-1.006951;
1;0;1.0;5.885383;0.167027;-1.008342;
1;0;1.0;5.692728;0.169917;-1.011233;
1;0;1.0;5.497096;0.174445;-1.015761;
1;-1;1.0;5.300482;0.187154;-1.021488;
1;-1;1.0;5.104644;0.207662;-1.028033;
1;0;1.0;4.909084;0.21464;-1.035011;
1;0;1.0;4.713833;0.222095;-1.042467;
1;0;1.0;4.518921;0.230078;-1.050449;
1;0;1.0;4.324386;0.238645;-1.059016;
1;0;1.0;4.130272;0.24786;-1.068231;
1;0;1.0;3.936628;0.257799;-1.07817;
1;0;1.0;3.743512;0.268549;-1.08892;
1;0;1.0;3.55099;0.28021;-1.100581;
1;0;1.0;3.359141;0.292899;-1.11327;
1;0;1.0;3.168059;0.306754;-1.127125;
1;0;1.0;2.977854;0.321936;-1.142308;
1;0;1.0;2.788657;0.33864;-1.159011;
1;1;1.0;2.600146;0.349748;-1.177101;
1;1;1.0;2.411952;0.355102;-1.196417;
1;1;1.0;2.223682;0.354507;-1.216766;
1;1;1.0;2.034931;0.347725;-1.237909;
1;1;1.0;1.845303;0.334451;-1.259542;
1;1;1.0;1.654428;0.314295;-1.281274;
0;1;1.0;1.461991;0.286737;-1.302585;
0;1;1.0;1.26776;0.251394;-1.323093;
-1;1;0.97;1.077583;0.207835;-1.342581;
-1;1;0.94;0.891822;0.155397;-1.360618;
-1;1;0.91;0.711074;0.093206;-1.376573;
-1;1;0.88;0.536196;0.020065;-1.389513;
-1;1;0.85;0.368317;-0.0657;-1.39804;
-1;1;0.82;0.208878;-0.166484;-1.400063;
-1;1;0.79;0.058678;-0.285653;-1.392538;
-1;1;0.76;7.364812;1.234799;2.414101;
-1;1;0.73;7.344793;1.120393;2.398113;
-1;1;0.7;7.315361;0.995107;2.383032;
0;1;0.7;7.276163;0.858988;2.368812;
0;1;0.7;7.226877;0.712076;2.35541;
0;1;0.7;7.167211;0.55441;2.34279;
1;1;0.72;7.096901;0.386301;2.330916;
1;1;0.74;7.015704;0.208041;2.319758;
1;1;0.76;6.923399;0.019904;2.309292;
1;0;0.78;6.819787;0.029701;2.299495;
1;0;0.8;6.704685;0.038846;2.290351;
1;1;0.82;6.577926;0.038838;2.281845;
1;1;0.84;6.43936;0.029888;2.273969;
1;1;0.86;6.288849;0.012193;2.266722;
1;1;0.88;6.127883;-0.014134;2.260173;
1;0;0.9;5.960643;-0.008494;2.254533;
1;0;0.92;5.787001;-0.003812;2.249851;
1;0;0.94;5.606851;-0.000152;2.246191;
1;0;0.96;5.420108;0.002412;2.243627;
1;0;0.98;5.226712;0.003791;2.242248;
1;0;1.0;5.026713;0.003916;2.242123;
1;0;1.0;4.826715;0.004051;2.241988;
1;0;1.0;4.626716;0.004195;2.241844;
1;0;1.0;4.426718;0.004349;2.24169;
1;0;1.0;4.22672;0.004516;2.241523;
1;0;1.0;4.026722;0.004695;2.241344;
1;0;1.0;3.826725;0.00489;2.241149;
1;0;1.0;3.626727;0.005101;2.240938;
1;0;1.0;3.42673;0.005332;2.240707;
1;0;1.0;3.226733;0.005584;2.240455;
1;0;1.0;3.026736;0.005861;2.240177;
1;0;1.0;2.82674;0.006168;2.239871;
1;0;1.0;2.626744;0.006508;2.239531;
1;0;1.0;2.426748;0.006888;2.239151;
1;0;1.0;2.226753;0.007315;2.238724;
1;0;1.0;2.026759;0.007798;2.238241;
1;0;1.0;1.826766;0.00835;2.237689;
1;0;1.0;1.626773;0.008985;2.237053;
1;-1;1.0;1.426801;0.017283;2.235738;
1;-1;1.0;1.226907;0.034051;2.232932;
1;-1;1.0;1.027239;0.060418;2.227509;
1;-1;1.0;0.828104;0.097996;2.217856;
1;-1;1.0;0.630083;0.149161;2.201598;
1;-1;1.0;0.434225;0.217532;2.175115;
1;-1;1.0;0.242397;0.308793;2.132722;
1;-1;1.0;0.057424;0.431168;2.066198;
1;-1;1.0;3.168294;-0.384018;-1.18017;
1;-1;1.0;2.981589;-0.331504;-1.162871;
1;-1;1.0;2.793666;-0.271113;-1.146467;
1;-1;1.0;2.605538;-0.202553;-1.131252;
1;-1;1.0;2.418487;-0.125405;-1.117643;
1;-1;1.0;2.234062;-0.039085;-1.106224;
1;0;1.0;2.045529;-0.048967;-1.096342;
1;0;1.0;1.852679;-0.057052;-1.088258;
1;0;1.0;1.655335;-0.062988;-1.082321;
0;1;1.0;1.455864;-0.075663;-1.076628;
0;1;1.0;1.256738;-0.097558;-1.068695;
0;1;1.0;1.058276;-0.12999;-1.057207;
-1;1;0.97;0.866946;-0.174495;-1.040843;
-1;1;0.94;0.683536;-0.233351;-1.017555;
-1;1;0.91;0.509272;-0.309527;-0.984619;
-1;1;0.88;0.345817;-0.406647;-0.938673;
-1;1;0.85;0.195359;-0.528896;-0.87581;
-1;1;0.82;0.061152;-0.681122;-0.791484;
-1;1;0.79;12.656995;1.548526;-2.1195;
-1;1;0.76;12.650917;1.473703;-2.130601;
-1;1;0.73;12.636689;1.388756;-2.141141;
0;1;0.73;12.614017;1.29402;-2.151455;
0;1;0.73;12.582807;1.189363;-2.161412;
1;1;0.75;12.542916;1.075137;-2.171108;
1;1;0.77;12.494177;0.951355;-2.180314;
1;1;0.79;12.436332;0.818077;-2.188863;
1;1;0.81;12.369145;0.675532;-2.196762;
1;1;0.83;12.292398;0.523934;-2.204021;
1;1;0.85;12.205892;0.363487;-2.210643;
1;1;0.87;12.109451;0.194382;-2.216632;
1;1;0.89;12.002913;0.0168;-2.221987;
1;0;0.91;11.886137;0.021519;-2.226707;
1;0;0.93;11.758997;0.025596;-2.230784;
1;0;0.95;11.621386;0.029021;-2.234209;
1;0;0.97;11.473214;0.031782;-2.23697;
1;0;0.99;11.314406;0.033862;-2.23905;
1;0;1.0;11.144909;0.03524;-2.240428;
1;0;1.0;10.964684;0.035889;-2.241077;
1;0;1.0;10.77432;0.036435;-2.241623;
1;0;1.0;10.574455;0.037065;-2.242253;
1;0;1.0;10.374595;0.037716;-2.242904;
1;0;1.0;10.174739;0.038391;-2.243579;
1;0;1.0;9.974889;0.039091;-2.244279;
1;0;1.0;9.775045;0.039816;-2.245004;
1;0;1.0;9.575207;0.040569;-2.245757;
1;0;1.0;9.375374;0.041351;-2.246539;
1;0;1.0;9.175549;0.042163;-2.247351;
1;0;1.0;8.97573;0.043008;-2.248196;
1;0;1.0;8.775919;0.043888;-2.249076;
1;0;1.0;8.576115;0.044804;-2.249992;
1;0;1.0;8.37632;0.04576;-2.250947;
1;1;1.0;8.176474;0.039623;-2.251792;
1;1;1.0;7.976541;0.026232;-2.252364;
1;0;1.0;7.776612;0.02683;-2.252962;
1;0;1.0;7.576685;0.027455;-2.253587;
1;0;1.0;7.376762;0.028111;-2.254243;
1;0;1.0;7.176843;0.028798;-2.25493;
1;0;1.0;6.976928;0.02952;-2.255652;
1;0;1.0;6.777018;0.030279;-2.256411;
1;0;1.0;6.577112;0.031079;-2.25721;
1;0;1.0;6.377211;0.031921;-2.258053;
1;0;1.0;6.177316;0.03281;-2.258942;
1;0;1.0;5.977427;0.033751;-2.259882;
1;0;1.0;5.777544;0.034746;-2.260878;
1;0;1.0;5.577668;0.035803;-2.261934;
1;0;1.0;5.3778;0.036925;-2.263057;
1;0;1.0;5.177941;0.03812;-2.264252;
1;0;1.0;4.978091;0.039395;-2.265527;
1;0;1.0;4.778252;0.040758;-2.26689;
1;0;1.0;4.578424;0.042219;-2.268351;
1;0;1.0;4.378609;0.043789;-2.269921;
1;0;1.0;4.178808;0.045479;-2.271611;
1;0;1.0;3.979023;0.047306;-2.273437;
1;0;1.0;3.779256;0.049284;-2.275416;
1;0;1.0;3.579509;0.051436;-2.277568;
1;0;1.0;3.379786;0.053784;-2.279916;
1;0;1.0;3.180089;0.056356;-2.282488;
1;0;1.0;2.980423;0.059186;-2.285318;
1;0;1.0;2.780791;0.062315;-2.288447;
1;1;1.0;2.581114;0.058422;-2.291536;
1;1;1.0;2.381324;0.047089;-2.294164;
1;1;1.0;2.181396;0.027788;-2.295808;
1;1;1.0;1.981396;-0.000146;-2.295799;
1;1;1.0;1.781528;-0.037573;-2.293279;
1;1;1.0;1.582208;-0.085609;-2.287131;
1;1;1.0;1.384164;-0.145725;-2.275883;
1;1;1.0;1.188648;-0.219548;-2.257911;
1;0;1.0;0.993924;-0.241395;-2.236064;
1;1;1.0;0.800733;-0.275683;-2.208757;
1;1;1.0;0.610078;-0.325132;-2.173272;
1;1;1.0;0.423553;-0.39375;-2.125597;
1;1;1.0;0.243769;-0.487537;-2.059735;
1;1;1.0;0.07509;-0.615407;-1.966772;
1;1;1.0;3.100183;0.297982;-2.329622;
1;1;1.0;2.906668;0.261735;-2.342244;
1;1;1.0;2.711117;0.216902;-2.353261;
1;1;1.0;2.513898;0.162884;-2.362075;
1;1;1.0;2.315811;0.098971;-2.367976;
1;1;1.0;2.117625;0.024291;-2.37009;
1;1;1.0;1.919259;-0.061926;-2.367648;
1;0;1.0;1.719671;-0.066477;-2.363097;
1;0;1.0;1.520147;-0.071749;-2.357825;
1;0;1.0;1.320706;-0.077927;-2.351647;
1;0;1.0;1.12137;-0.085267;-2.344308;
1;0;1.0;0.922172;-0.094128;-2.335446;
1;0;1.0;0.72316;-0.105037;-2.324537;
1;1;1.0;0.524578;-0.126684;-2.309872;
1;1;1.0;0.326849;-0.161778;-2.288741;
1;1;1.0;0.130762;-0.214866;-2.256596;
1;1;1.0;5.837793;0.531517;-3.030904;
1;1;1.0;5.662634;0.510913;-3.045207;
1;1;1.0;5.484862;0.482966;-3.059148;
1;1;1.0;5.303973;0.447441;-3.072492;
1;1;1.0;5.119589;0.404064;-3.084966;
1;1;1.0;4.931433;0.352756;-3.09649;
1;1;1.0;4.739501;0.29345;-3.106997;
1;1;1.0;4.544104;0.226067;-3.116409;
1;1;1.0;4.345914;0.150509;-3.124627;
1;1;1.0;4.145993;0.066656;-3.13153;
1;0;1.0;3.946374;0.072095;-3.13697;
1;0;1.0;3.746911;0.075885;-3.14076;
1;0;1.0;3.547512;0.079219;3.139091;
1;0;1.0;3.348168;0.082859;3.135451;
1;0;1.0;3.148887;0.086849;3.131462;
1;0;1.0;2.949679;0.091241;3.127069;
1;0;1.0;2.750555;0.0961;3.122211;
1;0;1.0;2.55153;0.101504;3.116807;
1;0;1.0;2.35262;0.107548;3.110762;
1;0;1.0;2.153849;0.114356;3.103955;
1;0;1.0;1.955243;0.122078;3.096233;
1;0;1.0;1.756839;0.130912;3.087398;
1;0;1.0;1.558684;0.141116;3.077195;
1;0;1.0;1.36084;0.153032;3.065279;
1;0;1.0;1.163392;0.167124;3.051187;
1;0;1.0;0.96646;0.184043;3.034267;
1;0;1.0;0.770216;0.204721;3.01359;
1;1;1.0;0.574603;0.222695;2.988634;
1;1;1.0;0.379567;0.238778;2.958588;
1;1;1.0;0.185082;0.254315;2.922108;
1;1;1.0;1.968014;0.094417;-1.29635;
1;1;1.0;1.768394;0.063807;-1.300646;
1;1;1.0;1.568446;0.023626;-1.302353;
1;1;1.0;1.368515;-0.027375;-1.300222;
1;1;1.0;1.169359;-0.090408;-1.293039;
1;1;1.0;0.972171;-0.167028;-1.27925;
1;1;1.0;0.778686;-0.259417;-1.256675;
0;1;1.0;0.591363;-0.370626;-1.22226;
0;1;1.0;0.413679;-0.504854;-1.171808;
0;1;1.0;0.250529;-0.667577;-1.099842;
-1;1;0.97;0.107593;-0.865465;-0.999909;
-1;1;0.94;7.203228;1.078631;2.509882;
-1;1;0.91;7.132517;0.98585;2.48961;
-1;1;0.88;7.052631;0.88468;2.469794;
-1;1;0.85;6.963271;0.774904;2.45037;
-1;1;0.82;6.864168;0.656288;2.431272;
0;1;0.82;6.75508;0.528899;2.412434;
0;1;0.82;6.635792;0.392808;2.393784;
1;1;0.84;6.513228;0.247886;2.375654;
1;1;0.86;6.391935;0.094035;2.358334;
1;0;0.88;6.265256;0.110903;2.341466;
1;0;0.9;6.13292;0.12734;2.32503;
1;0;0.92;5.99467;0.143365;2.309005;
1;1;0.94;5.850663;0.151543;2.2934;
1;1;0.96;5.701102;0.152011;2.278233;
1;1;0.98;5.546257;0.144885;2.263535;
1;1;1.0;5.386484;0.130262;2.249355;
1;1;1.0;5.225368;0.107765;2.236065;
1;1;1.0;5.063331;0.077263;2.223801;
1;1;1.0;4.900924;0.038584;2.212732;
1;1;1.0;4.738843;-0.008481;2.203067;
1;0;1.0;4.571799;0.00025;2.194336;
1;0;1.0;4.39961;0.007985;2.186601;
1;0;1.0;4.222115;0.014651;2.179935;
1;0;1.0;4.039172;0.020155;2.174431;
1;0;1.0;3.850663;0.024385;2.170201;
1;0;1.0;3.656493;0.027202;2.167384;
1;0;1.0;3.456599;0.028432;2.166154;
1;0;1.0;3.256684;0.029768;2.164819;
1;0;1.0;3.056777;0.031235;2.163351;
1;0;1.0;2.856879;0.032854;2.161732;
1;0;1.0;2.656993;0.034651;2.159936;
1;-1;1.0;2.457176;0.04404;2.157528;
1;-1;1.0;2.257533;0.061562;2.153969;
1;-1;1.0;2.058258;0.087895;2.148579;
1;-1;1.0;1.859691;0.123902;2.140497;
1;-1;1.0;1.662396;0.170689;2.128617;
1;-1;1.0;1.467259;0.22968;2.111514;
1;-1;1.0;1.275632;0.302717;2.087346;
1;0;1.0;1.085579;0.33131;2.058754;
1;0;1.0;0.897571;0.3656;2.024463;
1;-1;1.0;0.712841;0.415099;1.981945;
1;-1;1.0;0.533229;0.483356;1.927652;
1;-1;1.0;0.36156;0.575336;1.856615;
1;-1;1.0;0.202228;0.697782;1.762095;
1;-1;1.0;0.062012;0.858987;1.635796;
1;-1;1.0;7.766569;-0.496798;-1.0697;
1;-1;1.0;7.586737;-0.458017;-1.059612;
1;-1;1.0;7.403332;-0.411598;-1.050179;
1;-1;1.0;7.216633;-0.357496;-1.04145;
1;-1;1.0;7.027182;-0.295644;-1.033489;
1;-1;1.0;6.835812;-0.225957;-1.026382;
1;-1;1.0;6.643668;-0.148321;-1.020241;
1;-1;1.0;6.452226;-0.062595;-1.01521;
1;-1;1.0;6.263303;0.031398;-1.011465;
1;0;1.0;6.071385;0.028796;-1.008863;
1;-1;1.0;5.876855;0.034434;-1.00752;
1;-1;1.0;5.680152;0.048443;-1.007566;
1;-1;1.0;5.481808;0.070976;-1.009155;
1;-1;1.0;5.282816;0.102044;-1.012298;
1;-1;1.0;5.08475;0.141438;-1.016785;
1;-1;1.0;4.888214;0.189518;-1.022978;
1;0;1.0;4.69192;0.196138;-1.029597;
1;0;1.0;4.495893;0.20323;-1.036689;
1;0;1.0;4.300163;0.210846;-1.044305;
1;0;1.0;4.104763;0.219046;-1.052505;
1;0;1.0;3.909735;0.227897;-1.061357;
1;0;1.0;3.715123;0.237481;-1.07094;
1;0;1.0;3.520981;0.247888;-1.081348;
1;0;1.0;3.327372;0.259228;-1.092688;
1;0;1.0;3.134373;0.271629;-1.105088;
1;0;1.0;2.942071;0.285241;-1.118701;
1;0;1.0;2.750574;0.300247;-1.133706;
1;0;1.0;2.560013;0.316863;-1.150323;
1;1;1.0;2.370091;0.32798;-1.168421;
1;1;1.0;2.180471;0.333442;-1.187846;
1;1;1.0;1.990789;0.333059;-1.208406;
1;1;1.0;1.800673;0.326589;-1.229861;
0;1;1.0;1.609754;0.313721;-1.2519;
0;1;1.0;1.417694;0.294046;-1.274113;
-1;1;0.97;1.229953;0.266537;-1.295689;
-1;1;0.94;1.046435;0.23067;-1.316334;
-1;1;0.91;0.867257;0.185799;-1.335647;
-1;1;0.88;0.692765;0.131091;-1.353057;
-1;1;0.85;0.523553;0.065438;-1.367733;
-1;1;0.82;0.360491;-0.012695;-1.378445;
-1;1;0.79;0.204748;-0.105472;-1.38335;
-1;1;0.76;0.057855;-0.216002;-1.379687;
-1;1;0.73;7.357644;1.321482;2.414319;
0;1;0.73;7.343973;1.211116;2.398691;
0;1;0.73;7.320798;1.090254;2.383996;
0;1;0.73;7.28777;0.958942;2.370187;
1;1;0.75;7.244572;0.817477;2.357222;
1;1;0.77;7.190917;0.666141;2.345062;
1;1;0.79;7.126545;0.505194;2.333675;
1;1;0.81;7.051219;0.334885;2.323032;
1;1;0.83;6.964725;0.155445;2.313108;
1;1;0.85;6.866868;-0.032907;2.303884;
1;0;0.87;6.757472;-0.024366;2.295343;
1;0;0.89;6.636377;-0.0165;2.287477;
1;0;0.91;6.503439;-0.009302;2.280279;
1;0;0.93;6.358527;-0.002775;2.273752;
1;0;0.95;6.201525;0.003075;2.267902;
1;0;0.97;6.03233;0.008233;2.262744;
1;0;0.99;5.850851;0.012675;2.258302;
1;0;1.0;5.657566;0.016342;2.254635;
1;0;1.0;5.461401;0.018751;2.252226;
1;0;1.0;5.26229;0.019787;2.25119;
1;0;1.0;5.06233;0.020439;2.250538;
1;0;1.0;4.862374;0.021137;2.24984;
1;0;1.0;4.66242;0.021883;2.249094;
1;0;1.0;4.462469;0.022684;2.248293;
1;0;1.0;4.262523;0.023546;2.247431;
1;0;1.0;4.06258;0.024476;2.246501;
1;0;1.0;3.862643;0.025483;2.245494;
1;0;1.0;3.662711;0.026576;2.244401;
1;0;1.0;3.462784;0.027767;2.24321;
1;0;1.0;3.262865;0.029069;2.241908;
1;0;1.0;3.062954;0.0305;2.240477;
1;0;1.0;2.863052;0.032079;2.238898;
1;0;1.0;2.66316;0.03383;2.237147;
1;0;1.0;2.463281;0.035783;2.235194;
1;0;1.0;2.263417;0.037976;2.233001;
1;0;1.0;2.063571;0.040455;2.230522;
1;-1;1.0;1.863811;0.050747;2.227211;
1;-1;1.0;1.664261;0.069564;2.222357;
1;-1;1.0;1.465146;0.097841;2.215024;
1;-1;1.0;1.266865;0.136834;2.203956;
1;-1;1.0;1.070089;0.188252;2.187445;
1;-1;1.0;0.875917;0.254463;2.163122;
1;-1;1.0;0.686106;0.33877;2.127684;
1;-1;1.0;0.502918;0.445108;2.077197;
1;-1;1.0;0.32979;0.578668;2.006468;
1;-1;1.0;0.171998;0.746135;1.908814;
1;-1;1.0;0.037263;0.954773;1.776971;
1;-1;1.0;2.897192;-0.083725;-1.225142;
1;-1;1.0;2.706246;0.000687;-1.218797;
1;0;1.0;2.511965;-0.003681;-1.214429;
1;0;1.0;2.314237;-0.005738;-1.212372;
1;0;1.0;2.114241;-0.006106;-1.212003;
1;0;1.0;1.914245;-0.006525;-1.211584;
1;0;1.0;1.714249;-0.007006;-1.211103;
1;0;1.0;1.514255;-0.007564;-1.210546;
1;0;1.0;1.314261;-0.008217;-1.209892;
0;1;1.0;1.114286;-0.016636;-1.208455;
0;1;1.0;0.91439;-0.033795;-1.205258;
-1;1;0.97;0.720715;-0.061148;-1.199066;
-1;1;0.94;0.533564;-0.10072;-1.18808;
-1;1;0.91;0.353497;-0.155342;-1.169717;
-1;1;0.88;0.181504;-0.229064;-1.140187;
-1;1;0.85;0.019289;-0.327813;-1.093843;
-1;1;0.82;12.947091;1.605779;-2.109985;
-1;1;0.79;12.944833;1.547356;-2.121318;
-1;1;0.76;12.934564;1.479278;-2.132182;
0;1;0.76;12.915971;1.401915;-2.142947;
0;1;0.76;12.889024;1.315177;-2.153523;
1;1;0.78;12.853636;1.219458;-2.164068;
1;1;0.8;12.809756;1.114814;-2.174416;
1;1;0.82;12.757224;1.001255;-2.184361;
1;1;0.84;12.69576;0.878752;-2.193674;
1;1;0.86;12.625107;0.747511;-2.202367;
1;1;0.88;12.545031;0.607724;-2.210447;
1;1;0.9;12.455314;0.459575;-2.217922;
1;1;0.92;12.35576;0.303237;-2.224796;
1;1;0.94;12.246188;0.138873;-2.231072;
1;1;0.96;12.126435;-0.033361;-2.236749;
1;1;0.98;11.996356;-0.213321;-2.241824;
1;0;1.0;11.85582;-0.208854;-2.246292;
1;0;1.0;11.704712;-0.205003;-2.250143;
1;0;1.0;11.542934;-0.201781;-2.253365;
1;0;1.0;11.370404;-0.199204;-2.255942;
1;0;1.0;11.187055;-0.197293;-2.257853;
1;-1;1.0;10.995629;-0.189114;-2.25905;
1;-1;1.0;10.802493;-0.174752;-2.259449;
1;-1;1.0;10.607324;-0.154244;-2.259014;
1;-1;1.0;10.40991;-0.127631;-2.257701;
1;0;1.0;10.21159;-0.129878;-2.255455;
1;0;1.0;10.013305;-0.13223;-2.253103;
1;0;1.0;9.815083;-0.134668;-2.250664;
1;0;1.0;9.616928;-0.137197;-2.248135;
1;-1;1.0;9.418654;-0.132708;-2.245643;
1;-1;1.0;9.22009;-0.121064;-2.243324;
1;-1;1.0;9.021111;-0.102115;-2.241329;
1;-1;1.0;8.821672;-0.075699;-2.23982;
1;0;1.0;8.622257;-0.077271;-2.238248;
1;0;1.0;8.422866;-0.078909;-2.23661;
1;0;1.0;8.223502;-0.080619;-2.2349;
1;0;1.0;8.024166;-0.082403;-2.233116;
1;0;1.0;7.82486;-0.084269;-2.23125;
1;-1;1.0;7.625471;-0.079078;-2.22946;
1;0;1.0;7.426111;-0.080953;-2.227585;
1;0;1.0;7.226782;-0.082919;-2.225619;
1;0;1.0;7.027486;-0.084982;-2.223556;
1;0;1.0;6.828226;-0.087151;-2.221387;
1;-1;1.0;6.628885;-0.082269;-2.219288;
1;-1;1.0;6.429364;-0.070144;-2.21745;
1;-1;1.0;6.229613;-0.05056;-2.21609;
1;-1;1.0;6.029666;-0.023279;-2.215446;
1;0;1.0;5.829722;-0.023961;-2.214764;
1;0;1.0;5.629781;-0.024683;-2.214041;
1;0;1.0;5.429843;-0.025451;-2.213274;
1;0;1.0;5.22991;-0.026268;-2.212457;
1;0;1.0;5.029982;-0.027139;-2.211585;
1;0;1.0;4.830058;-0.02807;-2.210655;
1;0;1.0;4.630139;-0.029067;-2.209658;
1;0;1.0;4.430227;-0.030137;-2.208587;
1;0;1.0;4.230321;-0.03129;-2.207435;
1;0;1.0;4.030423;-0.032534;-2.206191;
1;0;1.0;3.830533;-0.03388;-2.204844;
1;0;1.0;3.630653;-0.035343;-2.203381;
1;0;1.0;3.430784;-0.036938;-2.201786;
1;0;1.0;3.230926;-0.038684;-2.200041;
1;0;1.0;3.031083;-0.040603;-2.198122;
1;0;1.0;2.831257;-0.042722;-2.196003;
1;0;1.0;2.631449;-0.045074;-2.193651;
1;0;1.0;2.431664;-0.0477;-2.191025;
1;0;1.0;2.231906;-0.050651;-2.188074;
1;0;1.0;2.032179;-0.05399;-2.184734;
1;0;1.0;1.832491;-0.057801;-2.180924;
1;1;1.0;1.632943;-0.069699;-2.176007;
1;1;1.0;1.4337;-0.090529;-2.169139;
1;1;1.0;1.235052;-0.121428;-2.159185;
1;1;1.0;1.037496;-0.16396;-2.144578;
1;1;1.0;0.841861;-0.22032;-2.123125;
1;1;1.0;0.649512;-0.293642;-2.09169;
1;0;1.0;0.459221;-0.333323;-2.052009;
1;0;1.0;0.271914;-0.384793;-2.000539;
1;1;1.0;0.089746;-0.461909;-1.930405;
1;1;1.0;3.093086;0.517158;-2.331007;
1;1;1.0;2.918365;0.520517;-2.35531;
1;1;1.0;2.743338;0.517861;-2.380579;
1;1;1.0;2.567422;0.508993;-2.406618;
1;1;1.0;2.390044;0.493675;-2.433187;
1;1;1.0;2.210658;0.471612;-2.459994;
1;1;1.0;2.028836;0.44245;-2.486683;
1;1;1.0;1.84491;0.405903;-2.512967;
1;1;1.0;1.65924;0.36152;-2.538397;
1;1;1.0;1.472194;0.308621;-2.562293;
1;1;1.0;1.283553;0.246609;-2.584057;
1;1;1.0;1.092686;0.174978;-2.603183;
1;1;1.0;0.899015;0.093018;-2.618961;
1;1;1.0;0.702041;-0.000327;-2.630336;
1;1;1.0;0.501383;-0.106709;-2.635655;
1;1;1.0;0.296856;-0.228892;-2.632155;
1;1;1.0;0.088649;-0.371883;-2.614827;
1;1;1.0;5.997067;-0.045293;-3.074062;
1;0;1.0;5.793371;-0.03771;-3.081645;
1;0;1.0;5.590616;-0.031175;-3.088181;
1;0;1.0;5.388633;-0.025788;-3.093567;
1;0;1.0;5.187278;-0.021664;-3.097691;
1;0;1.0;4.986439;-0.018933;-3.100422;
1;0;1.0;4.786038;-0.017739;-3.101617;
1;0;1.0;4.586042;-0.018248;-3.101108;
1;0;1.0;4.386076;-0.018925;-3.10043;
1;0;1.0;4.186114;-0.019655;-3.0997;
1;-1;1.0;3.98613;-0.013182;-3.099192;
1;-1;1.0;3.78613;0.000813;-3.099225;
1;-1;1.0;3.58618;0.022706;-3.100173;
1;-1;1.0;3.386448;0.052939;-3.102481;
1;0;1.0;3.186741;0.055467;-3.105009;
1;0;1.0;2.987064;0.058248;-3.10779;
1;0;1.0;2.787421;0.061322;-3.110864;
1;0;1.0;2.587818;0.064738;-3.11428;
1;0;1.0;2.388262;0.068556;-3.118098;
1;0;1.0;2.188761;0.072853;-3.122395;
1;0;1.0;1.989327;0.077723;-3.127265;
1;0;1.0;1.789974;0.083289;-3.132831;
1;0;1.0;1.590721;0.089711;-3.139253;
1;0;1.0;1.391592;0.097204;3.13644;
1;0;1.0;1.192622;0.106056;3.127587;
1;0;1.0;0.993858;0.116675;3.116969;
1;0;1.0;0.795369;0.129643;3.104;
1;0;1.0;0.597257;0.145831;3.087812;
1;0;1.0;0.399682;0.166597;3.067047;
1;0;1.0;0.202908;0.194171;3.039472;
1;0;1.0;0.007406;0.232488;3.001156;
1;1;1.0;1.802668;0.141476;-1.265244;
0;1;1.0;1.604416;0.137279;-1.27501;
0;1;1.0;1.40588;0.125985;-1.284659;
0;1;1.0;1.206928;0.106932;-1.293532;
-1;1;0.97;1.013476;0.078722;-1.300445;
-1;1;0.94;0.825612;0.039897;-1.304169;
-1;1;0.91;0.643622;-0.011467;-1.303026;
-1;1;0.88;0.4681;-0.077962;-1.294686;
-1;1;0.85;0.300103;-0.163073;-1.275942;
-1;1;0.82;0.141398;-0.271344;-1.242553;
