[mass=10.0;maxForwardSpeed=10.0;maxBackwardSpeed=0.0;turnRange=0.349066;brakePower=0.3;enginePower=0.2;steeringPower=0.2]
1;0;0.02;7.806902;0.0;2.417675;
0;0;0.02;7.802902;0.0;2.417675;
0;0;0.02;7.798902;0.0;2.417675;
1;0;0.04;7.790902;0.0;2.417675;
1;0;0.06;7.778902;0.0;2.417675;
1;0;0.08;7.762902;0.0;2.417675;
1;0;0.1;7.742902;0.0;2.417675;
1;0;0.12;7.718902;0.0;2.417675;
1;0;0.14;7.690902;0.0;2.417675;
1;0;0.16;7.658902;0.0;2.417675;
1;0;0.18;7.622902;0.0;2.417675;
1;0;0.2;7.582902;0.0;2.417675;
1;0;0.22;7.538902;0.0;2.417675;
1;0;0.24;7.490902;0.0;2.417675;
1;0;0.26;7.438902;0.0;2.417675;
1;0;0.28;7.382902;0.0;2.417675;
1;0;0.3;7.322902;0.0;2.417675;
1;0;0.32;7.258902;0.0;2.417675;
1;0;0.34;7.190902;0.0;2.417675;
1;0;0.36;7.118902;0.0;2.417675;
1;-1;0.38;7.042915;0.018545;2.417502;
1;-1;0.4;6.963035;0.054917;2.416956;
1;0;0.42;6.879163;0.055502;2.41637;
1;0;0.44;6.7913;0.056128;2.415744;
1;0;0.46;6.699446;0.056799;2.415074;
1;0;0.48;6.603603;0.057515;2.414357;
1;0;0.5;6.503771;0.058281;2.413591;
1;0;0.52;6.39995;0.0591;2.412772;
1;-1;0.54;6.292234;0.073094;2.411706;
1;-1;0.56;6.180785;0.100023;2.410173;
1;0;0.58;6.065374;0.101662;2.408533;
1;0;0.6;5.946005;0.103416;2.40678;
1;0;0.62;5.822679;0.105292;2.404904;
1;0;0.64;5.695402;0.107301;2.402894;
1;0;0.66;5.564176;0.109455;2.400741;
1;0;0.68;5.429007;0.111766;2.39843;
1;0;0.7;5.2899;0.114248;2.395948;
1;0;0.72;5.14686;0.116919;2.393277;
1;0;0.74;4.999896;0.119796;2.390399;
1;0;0.76;4.849013;0.122902;2.387294;
1;0;0.78;4.694222;0.12626;2.383935;
1;0;0.8;4.535532;0.1299;2.380295;
1;0;0.82;4.372956;0.133854;2.376341;
1;0;0.84;4.206507;0.13816;2.372035;
1;0;0.86;4.036202;0.142864;2.367332;
1;0;0.88;3.86206;0.148018;2.362178;
1;0;0.9;3.684103;0.153685;2.35651;
1;0;0.92;3.50236;0.159941;2.350254;
1;0;0.94;3.316863;0.166877;2.343319;
1;0;0.96;3.127654;0.174604;2.335592;
1;0;0.98;2.934781;0.183257;2.326939;
1;0;1.0;2.738308;0.193007;2.317189;
1;0;1.0;2.542229;0.203837;2.306359;
1;0;1.0;2.346614;0.215934;2.294261;
1;0;1.0;2.15155;0.229532;2.280664;
1;0;1.0;1.957146;0.244921;2.265275;
1;0;1.0;1.76354;0.26247;2.247726;
1;0;1.0;1.570913;0.282656;2.22754;
1;0;1.0;1.379504;0.306101;2.204095;
1;0;1.0;1.18963;0.333629;2.176567;
1;0;1.0;1.00173;0.366354;2.143842;
1;0;1.0;0.816415;0.405806;2.10439;
1;0;1.0;0.634566;0.454126;2.05607;
1;0;1.0;0.45748;0.514359;1.995837;
1;0;1.0;0.287125;0.590879;1.919316;
1;0;1.0;0.126558;0.689943;1.820253;
1;-1;1.0;7.979825;-0.515651;-1.07034;
1;-1;1.0;7.804996;-0.512612;-1.059417;
1;-1;1.0;7.629203;-0.50261;-1.048475;
1;-1;1.0;7.45181;-0.485501;-1.037659;
1;-1;1.0;7.272231;-0.461124;-1.027129;
1;-1;1.0;7.089961;-0.429299;-1.017066;
1;-1;1.0;6.904609;-0.389825;-1.007671;
1;-1;1.0;6.716307;-0.342614;-0.999032;
1;-1;1.0;6.525499;-0.287589;-0.991224;
1;-1;1.0;6.332887;-0.224653;-0.984347;
1;-1;1.0;6.139453;-0.153678;-0.978528;
1;-1;1.0;5.946478;-0.074502;-0.973928;
1;-1;1.0;5.755557;0.013075;-0.970748;
1;-1;1.0;5.568612;0.109292;-0.969227;
1;0;1.0;5.378206;0.109152;-0.969087;
1;0;1.0;5.184335;0.11052;-0.970454;
1;0;1.0;4.987039;0.113544;-0.973479;
1;0;1.0;4.788372;0.117459;-0.977393;
1;0;1.0;4.589799;0.121652;-0.981586;
1;0;1.0;4.391331;0.126153;-0.986088;
1;0;1.0;4.192982;0.130999;-0.990934;
1;0;1.0;3.994764;0.13623;-0.996164;
1;0;1.0;3.796694;0.141892;-1.001827;
1;0;1.0;3.598791;0.148042;-1.007977;
1;0;1.0;3.401077;0.154746;-1.01468;
1;0;1.0;3.20358;0.162079;-1.022013;
1;0;1.0;3.006331;0.170135;-1.030069;
1;0;1.0;2.809369;0.179024;-1.038959;
1;0;1.0;2.612741;0.188882;-1.048817;
1;0;1.0;2.416505;0.199874;-1.059808;
1;0;1.0;2.220731;0.212203;-1.072138;
1;0;1.0;2.025511;0.226126;-1.086061;
1;0;1.0;1.830957;0.241966;-1.101901;
1;1;1.0;1.636865;0.252646;-1.119562;
0;1;1.0;1.442992;0.258039;-1.138918;
-1;1;0.97;1.25487;0.257071;-1.159109;
-1;1;0.94;1.072193;0.249035;-1.17966;
-1;1;0.91;0.894687;0.233063;-1.199947;
-1;1;0.88;0.722134;0.20806;-1.219136;
-1;1;0.85;0.554379;0.17286;-1.236341;
-1;1;0.82;0.391404;0.126296;-1.250696;
-1;1;0.79;0.233451;0.066785;-1.260941;
-1;1;0.76;0.081069;-0.007922;-1.265176;
0;1;0.76;7.261852;1.673078;2.413617;
0;1;0.76;7.278384;1.59388;2.395501;
0;1;0.76;7.287246;1.50527;2.377611;
1;1;0.78;7.288667;1.40773;2.3597;
1;1;0.8;7.282059;1.301194;2.34206;
1;1;0.82;7.266529;1.185526;2.325037;
1;1;0.84;7.241275;1.060724;2.308837;
1;1;0.86;7.205957;0.927036;2.293405;
1;1;0.88;7.160269;0.7847;2.278689;
1;1;0.9;7.103929;0.633939;2.26464;
1;1;0.92;7.036685;0.474967;2.251213;
1;1;0.94;6.958303;0.307989;2.238366;
1;1;0.96;6.868573;0.133198;2.226059;
1;1;0.98;6.767301;-0.049218;2.214254;
1;0;1.0;6.654312;-0.03788;2.202916;
1;0;1.0;6.529442;-0.026975;2.192011;
1;0;1.0;6.392545;-0.01647;2.181506;
1;0;1.0;6.243484;-0.006335;2.171371;
1;0;1.0;6.082134;0.003461;2.161575;
1;0;1.0;5.909122;0.012902;2.152134;
1;0;1.0;5.732766;0.021466;2.14357;
1;0;1.0;5.552867;0.029095;2.135941;
1;0;1.0;5.369248;0.035725;2.129311;
1;0;1.0;5.181752;0.041279;2.123758;
1;0;1.0;4.990244;0.045666;2.11937;
1;0;1.0;4.794617;0.048781;2.116255;
1;0;1.0;4.594864;0.050524;2.114512;
1;0;1.0;4.395128;0.052396;2.11264;
1;0;1.0;4.195413;0.054412;2.110624;
1;0;1.0;3.995721;0.05659;2.108447;
1;0;1.0;3.796055;0.058948;2.106088;
1;0;1.0;3.596417;0.061512;2.103525;
1;0;1.0;3.396813;0.064308;2.100728;
1;0;1.0;3.197246;0.06737;2.097666;
1;0;1.0;2.997722;0.070738;2.094298;
1;0;1.0;2.798249;0.07446;2.090577;
1;0;1.0;2.598834;0.078594;2.086442;
1;0;1.0;2.399487;0.083213;2.081823;
1;0;1.0;2.200222;0.088407;2.076629;
1;0;1.0;2.001055;0.094291;2.070745;
1;-1;1.0;1.802153;0.108489;2.063529;
1;-1;1.0;1.603765;0.131834;2.054146;
1;-1;1.0;1.406287;0.165427;2.041497;
1;-1;1.0;1.210348;0.210739;2.02411;
1;-1;1.0;1.016939;0.269762;1.999994;
1;-1;1.0;0.827602;0.345212;1.966432;
1;-1;1.0;0.644726;0.440788;1.919725;
1;-1;1.0;0.471322;0.560894;1.85547;
1;-1;1.0;0.311698;0.71084;1.768355;
1;-1;1.0;0.172188;0.896485;1.652524;
1;-1;1.0;0.061366;1.122125;1.503678;
1;-1;1.0;2.636497;-0.165126;-1.249681;
1;-1;1.0;2.445883;-0.086179;-1.237871;
1;-1;1.0;2.257788;0.001849;-1.228161;
1;0;1.0;2.066591;-0.005991;-1.220321;
1;0;1.0;1.872105;-0.011614;-1.214698;
1;0;1.0;1.674194;-0.014557;-1.211755;
1;1;1.0;1.474244;-0.023279;-1.210015;
0;1;1.0;1.274395;-0.040515;-1.206741;
0;1;1.0;1.074808;-0.06738;-1.20082;
-1;1;0.97;0.881784;-0.105354;-1.190987;
-1;1;0.94;0.695853;-0.156494;-1.175416;
-1;1;0.91;0.517901;-0.223525;-1.151624;
-1;1;0.88;0.349326;-0.310059;-1.116263;
-1;1;0.85;0.191925;-0.420266;-1.065443;
-1;1;0.82;0.048503;-0.559447;-0.994162;
-1;1;0.79;12.822561;1.459044;-2.111021;
0;1;0.79;12.800679;1.384727;-2.122279;
1;1;0.81;12.770525;1.30188;-2.133626;
1;1;0.83;12.732171;1.210585;-2.144935;
1;1;0.85;12.685608;1.110876;-2.156044;
1;1;0.87;12.630722;1.002741;-2.166751;
1;1;0.89;12.567271;0.88612;-2.176818;
1;1;0.91;12.494978;0.761198;-2.186254;
1;1;0.93;12.413582;0.62815;-2.195071;
1;1;0.95;12.322845;0.48714;-2.203275;
1;1;0.97;12.222549;0.338326;-2.210872;
1;1;0.99;12.112494;0.181856;-2.217866;
1;1;1.0;11.992495;0.017803;-2.224257;
1;0;1.0;11.862389;0.023589;-2.230043;
1;0;1.0;11.722025;0.028767;-2.235221;
1;0;1.0;11.571271;0.033329;-2.239783;
1;1;1.0;11.41001;0.030282;-2.243717;
1;1;1.0;11.238141;0.019612;-2.24701;
1;1;1.0;11.055579;0.0013;-2.249642;
1;0;1.0;10.862256;0.003249;-2.251591;
1;0;1.0;10.663443;0.004445;-2.252786;
1;0;1.0;10.463745;0.004813;-2.253154;
1;1;1.0;10.263746;-0.002207;-2.253116;
1;1;1.0;10.063772;-0.016462;-2.252824;
1;1;1.0;9.863915;-0.038094;-2.252135;
1;1;1.0;9.664359;-0.067257;-2.250898;
1;0;1.0;9.46482;-0.068541;-2.249614;
1;0;1.0;9.265298;-0.069876;-2.248279;
1;0;1.0;9.065796;-0.071263;-2.246892;
1;0;1.0;8.866314;-0.072706;-2.245449;
1;0;1.0;8.666853;-0.074209;-2.243946;
1;0;1.0;8.467415;-0.075775;-2.242379;
1;-1;1.0;8.267899;-0.070278;-2.240896;
1;-1;1.0;8.068223;-0.057556;-2.239655;
1;-1;1.0;7.86836;-0.037438;-2.238829;
1;-1;1.0;7.668369;-0.009732;-2.23861;
1;0;1.0;7.468379;-0.009962;-2.23838;
1;0;1.0;7.268389;-0.010203;-2.238139;
1;0;1.0;7.0684;-0.010456;-2.237886;
1;0;1.0;6.868411;-0.010721;-2.23762;
1;0;1.0;6.668423;-0.011001;-2.237341;
1;0;1.0;6.468435;-0.011296;-2.237046;
1;0;1.0;6.268448;-0.011607;-2.236735;
1;0;1.0;6.068462;-0.011935;-2.236407;
1;0;1.0;5.868477;-0.012282;-2.236059;
1;0;1.0;5.668492;-0.012651;-2.235691;
1;0;1.0;5.468509;-0.013042;-2.2353;
1;0;1.0;5.268526;-0.013458;-2.234884;
1;0;1.0;5.068545;-0.013902;-2.23444;
1;0;1.0;4.868565;-0.014375;-2.233966;
1;0;1.0;4.668586;-0.014882;-2.233459;
1;0;1.0;4.468609;-0.015427;-2.232915;
1;0;1.0;4.268634;-0.016012;-2.232329;
1;0;1.0;4.068661;-0.016644;-2.231698;
1;0;1.0;3.868689;-0.017328;-2.231014;
1;0;1.0;3.668721;-0.01807;-2.230272;
1;0;1.0;3.468755;-0.018879;-2.229463;
1;0;1.0;3.268792;-0.019763;-2.228579;
1;0;1.0;3.068833;-0.020735;-2.227607;
1;0;1.0;2.868878;-0.021806;-2.226535;
1;0;1.0;2.668928;-0.022995;-2.225347;
1;0;1.0;2.468984;-0.024321;-2.224021;
1;0;1.0;2.269047;-0.025808;-2.222533;
1;0;1.0;2.069118;-0.02749;-2.220852;
1;0;1.0;1.869199;-0.029406;-2.218936;
1;0;1.0;1.669292;-0.031609;-2.216733;
1;0;1.0;1.4694;-0.034169;-2.214173;
1;0;1.0;1.269527;-0.037179;-2.211163;
1;0;1.0;1.069678;-0.040771;-2.207571;
1;1;1.0;0.869931;-0.052858;-2.202465;
1;1;1.0;0.670431;-0.074815;-2.194471;
1;1;1.0;0.471471;-0.108755;-2.181475;
1;1;1.0;0.273628;-0.158078;-2.160077;
1;1;1.0;0.078023;-0.228574;-2.124488;
1;1;1.0;3.253309;0.561945;-2.364467;
1;1;1.0;3.080242;0.537139;-2.38853;
1;1;1.0;2.904538;0.505115;-2.412356;
1;1;1.0;2.726566;0.465678;-2.435752;
1;1;1.0;2.546773;0.418531;-2.458418;
1;1;1.0;2.365669;0.363237;-2.479918;
1;1;1.0;2.183821;0.299181;-2.499638;
1;1;1.0;2.001063;0.225875;-2.517089;
1;1;1.0;1.816832;0.142904;-2.531857;
1;1;1.0;1.630632;0.049739;-2.543411;
1;1;1.0;1.442058;-0.054325;-2.551049;
1;1;1.0;1.250832;-0.170246;-2.55381;
1;1;1.0;1.056851;-0.299372;-2.550348;
1;0;1.0;0.860281;-0.311021;-2.538698;
1;0;1.0;0.661716;-0.333812;-2.515908;
1;0;1.0;0.4655;-0.370738;-2.478981;
1;0;1.0;0.278444;-0.424918;-2.424802;
1;0;1.0;0.099325;-0.499988;-2.349732;
1;1;1.0;5.858907;0.178825;-3.035526;
1;1;1.0;5.6617;0.16979;-3.040453;
1;1;1.0;5.46398;0.153434;-3.045042;
1;1;1.0;5.265603;0.129505;-3.049038;
1;0;1.0;5.067333;0.133762;-3.053295;
1;0;1.0;4.86918;0.138306;-3.057839;
1;0;1.0;4.671157;0.143168;-3.062701;
1;0;1.0;4.473277;0.148382;-3.067915;
1;0;1.0;4.275558;0.153987;-3.073519;
1;0;1.0;4.078017;0.160028;-3.07956;
1;0;1.0;3.880676;0.166557;-3.08609;
1;0;1.0;3.683561;0.173637;-3.09317;
1;0;1.0;3.486702;0.181338;-3.100871;
1;0;1.0;3.290133;0.189746;-3.109279;
1;0;1.0;3.093896;0.19896;-3.118493;
1;0;1.0;2.898042;0.209101;-3.128634;
1;1;1.0;2.702331;0.212965;-3.139479;
1;1;1.0;2.506501;0.210278;3.132431;
1;1;1.0;2.310289;0.200705;3.12106;
1;1;1.0;2.113457;0.183824;3.110016;
1;1;1.0;1.915822;0.159094;3.099839;
1;1;1.0;1.717294;0.125813;3.091232;
1;0;1.0;1.519;0.135776;3.081269;
1;0;1.0;1.320999;0.14744;3.069604;
1;0;1.0;1.123372;0.161278;3.055767;
1;0;1.0;0.926235;0.177952;3.039093;
1;0;1.0;0.729756;0.19842;3.018625;
1;0;1.0;0.534187;0.22412;2.992925;
1;1;1.0;0.339576;0.249309;2.960755;
1;1;1.0;0.146039;0.276051;2.92005;
1;1;1.0;1.929572;0.12193;-1.297203;
1;1;1.0;1.73052;0.10088;-1.304078;
1;1;1.0;1.530989;0.071183;-1.309288;
0;1;1.0;1.331082;0.031808;-1.311801;
0;1;1.0;1.131114;-0.018662;-1.3102;
0;1;1.0;0.931825;-0.081681;-1.303032;
-1;1;0.97;0.740232;-0.159684;-1.288077;
-1;1;0.94;0.557954;-0.255581;-1.262654;
-1;1;0.91;0.386767;-0.373226;-1.223156;
-1;1;0.88;0.228743;-0.51766;-1.164801;
-1;1;0.85;0.087277;-0.695219;-1.081535;
-1;1;0.82;7.299595;1.165928;2.513778;
-1;1;0.79;7.234612;1.072726;2.495337;
0;1;0.79;7.159947;0.970169;2.477412;
0;1;0.79;7.075313;0.858315;2.459948;
1;1;0.81;6.98045;0.737439;2.442887;
1;1;0.83;6.875119;0.607806;2.426171;
1;1;0.85;6.759107;0.469674;2.409742;
1;1;0.87;6.632221;0.323292;2.393537;
1;1;0.89;6.494994;0.168865;2.377534;
1;1;0.91;6.361514;0.005767;2.36253;
1;1;0.93;6.23465;-0.166123;2.348811;
1;1;0.95;6.11393;-0.346748;2.336478;
1;0;0.97;5.998917;-0.335903;2.325634;
1;0;0.99;5.877989;-0.325831;2.315561;
1;0;1.0;5.751967;-0.316621;2.306351;
1;0;1.0;5.621903;-0.308399;2.298129;
1;0;1.0;5.487604;-0.301208;2.290938;
1;0;1.0;5.348899;-0.295098;2.284829;
1;0;1.0;5.205644;-0.29013;2.27986;
1;0;1.0;5.057717;-0.286371;2.276101;
1;0;1.0;4.905028;-0.283904;2.273635;
1;-1;1.0;4.746649;-0.275761;2.272473;
1;-1;1.0;4.581707;-0.261966;2.27264;
1;-1;1.0;4.409398;-0.242557;2.274175;
1;-1;1.0;4.229003;-0.217597;2.27714;
1;-1;1.0;4.039913;-0.187181;2.281631;
1;-1;1.0;3.842107;-0.151273;2.287611;
1;-1;1.0;3.643199;-0.106807;2.292014;
1;0;1.0;3.44439;-0.111604;2.296812;
1;0;1.0;3.245693;-0.116851;2.302058;
1;0;1.0;3.047124;-0.122612;2.30782;
1;0;1.0;2.848703;-0.128968;2.314175;
1;0;1.0;2.650455;-0.136014;2.321222;
1;-1;1.0;2.452213;-0.136488;2.328676;
1;-1;1.0;2.253805;-0.130038;2.336189;
1;-1;1.0;2.055071;-0.116221;2.343316;
1;-1;1.0;1.855905;-0.094471;2.349492;
1;-1;1.0;1.656286;-0.064047;2.353974;
1;-1;1.0;1.456339;-0.023963;2.355778;
1;-1;1.0;1.256407;0.027113;2.353571;
1;-1;1.0;1.05699;0.09084;2.345694;
1;-1;1.0;0.858569;0.168989;2.330378;
1;-1;1.0;0.662208;0.264063;2.305117;
1;-1;1.0;0.469779;0.379676;2.266298;
1;-1;1.0;0.284307;0.521082;2.208668;
1;-1;1.0;0.110522;0.695785;2.124722;
1;-1;1.0;8.253265;-0.129499;-1.055424;
1;0;1.0;8.061787;-0.135044;-1.049879;
1;0;1.0;7.867848;-0.139744;-1.045179;
1;0;1.0;7.671323;-0.143547;-1.041376;
1;0;1.0;7.473428;-0.146924;-1.037999;
1;-1;1.0;7.27543;-0.143313;-1.034628;
1;-1;1.0;7.077142;-0.132545;-1.031434;
1;0;1.0;6.878941;-0.135899;-1.02808;
1;0;1.0;6.680833;-0.139427;-1.024552;
1;-1;1.0;6.482631;-0.135976;-1.021022;
1;-1;1.0;6.284159;-0.125355;-1.01768;
1;-1;1.0;6.085278;-0.107353;-1.014738;
1;-1;1.0;5.885927;-0.081732;-1.012434;
1;-1;1.0;5.686153;-0.048226;-1.011034;
1;-1;1.0;5.486157;-0.006533;-1.010838;
1;-1;1.0;5.286342;0.043683;-1.012185;
1;0;1.0;5.086539;0.045117;-1.01362;
1;0;1.0;4.88675;0.04665;-1.015152;
1;0;1.0;4.686975;0.04829;-1.016792;
1;0;1.0;4.487216;0.050049;-1.018551;
1;0;1.0;4.287476;0.051942;-1.020444;
1;0;1.0;4.087757;0.053982;-1.022485;
1;0;1.0;3.88806;0.05619;-1.024692;
1;0;1.0;3.688389;0.058586;-1.027088;
1;-1;1.0;3.488838;0.068486;-1.030007;
1;-1;1.0;3.289549;0.086289;-1.033847;
1;-1;1.0;3.090754;0.112466;-1.03908;
1;-1;1.0;2.892822;0.14758;-1.046269;
1;-1;1.0;2.696321;0.192306;-1.056088;
1;-1;1.0;2.502088;0.247447;-1.069341;
1;0;1.0;2.308543;0.262253;-1.084148;
0;1;1.0;2.115433;0.271483;-1.100359;
0;1;1.0;1.922472;0.27495;-1.117789;
0;1;1.0;1.729352;0.272421;-1.136203;
-1;1;0.97;1.541545;0.262742;-1.154666;
-1;1;0.94;1.358755;0.245126;-1.172618;
-1;1;0.91;1.180757;0.218622;-1.189353;
-1;1;0.88;1.007362;0.182359;-1.204263;
-1;1;0.85;0.838538;0.135452;-1.216743;
-1;1;0.82;0.67451;0.076798;-1.22599;
-1;1;0.79;0.515799;0.004985;-1.230914;
-1;1;0.76;0.36327;-0.081838;-1.230014;
-1;1;0.73;0.218196;-0.186119;-1.22122;
0;1;0.73;0.076487;-0.31135;-1.201039;
0;1;0.73;7.172794;1.408619;2.412299;
1;1;0.75;7.166356;1.301715;2.395281;
1;1;0.77;7.151384;1.185247;2.37876;
1;1;0.79;7.126961;1.059046;2.363135;
1;1;0.81;7.092702;0.92336;2.348376;
1;1;0.83;7.048283;0.778443;2.334437;
1;1;0.85;6.993407;0.624537;2.321273;
1;1;0.87;6.927808;0.46187;2.308847;
1;1;0.89;6.851239;0.290656;2.297123;
1;1;0.91;6.763481;0.111099;2.28607;
1;1;0.93;6.664329;-0.076608;2.275661;
1;1;0.95;6.5536;-0.272285;2.265872;
1;0;0.97;6.431125;-0.263098;2.256685;
1;0;0.99;6.296751;-0.254497;2.248084;
1;0;1.0;6.150337;-0.246472;2.240059;
1;0;1.0;5.991756;-0.239016;2.232603;
1;0;1.0;5.828146;-0.232489;2.226076;
1;0;1.0;5.661566;-0.227061;2.220648;
1;0;1.0;5.491877;-0.222807;2.216394;
1;-1;1.0;5.318274;-0.212796;2.213364;
1;-1;1.0;5.140005;-0.197087;2.211618;
1;-1;1.0;4.956403;-0.175752;2.211227;
1;-1;1.0;4.766906;-0.148888;2.212288;
1;-1;1.0;4.57109;-0.116616;2.214922;
1;-1;1.0;4.371669;-0.077507;2.217702;
1;-1;1.0;4.171754;-0.029746;2.218809;
1;0;1.0;3.971846;-0.030942;2.220006;
1;0;1.0;3.771946;-0.032239;2.221302;
1;0;1.0;3.572054;-0.033649;2.222712;
1;0;1.0;3.372172;-0.035187;2.224251;
1;-1;1.0;3.172256;-0.029558;2.225603;
1;-1;1.0;2.972281;-0.016381;2.226388;
1;-1;1.0;2.772283;0.004805;2.226146;
1;-1;1.0;2.572397;0.034563;2.224314;
1;0;1.0;2.372523;0.036612;2.222265;
1;0;1.0;2.172666;0.038919;2.219958;
1;0;1.0;1.972827;0.041537;2.21734;
1;0;1.0;1.773012;0.044532;2.214345;
1;-1;1.0;1.573298;0.055515;2.210343;
1;-1;1.0;1.373821;0.075327;2.204494;
1;-1;1.0;1.174832;0.10511;2.195654;
1;-1;1.0;0.976778;0.146456;2.182234;
1;-1;1.0;0.780423;0.201626;2.161971;
1;-1;1.0;0.587057;0.273903;2.131581;
1;-1;1.0;0.398824;0.36814;2.086214;
1;-1;1.0;0.218732;0.490718;2.019487;
1;-1;1.0;0.051667;0.650648;1.922389;
1;-1;1.0;3.038788;-0.277747;-1.20379;
1;-1;1.0;2.847782;-0.214451;-1.190292;
1;-1;1.0;2.656905;-0.142692;-1.178274;
1;-1;1.0;2.467535;-0.062023;-1.168186;
1;-1;1.0;2.281352;0.028162;-1.160633;
1;0;1.0;2.091327;0.022657;-1.155128;
1;0;1.0;1.897328;0.019579;-1.15205;
1;0;1.0;1.699277;0.019439;-1.15191;
0;0;1.0;1.499318;0.020995;-1.153466;
0;1;1.0;1.299339;0.015232;-1.154684;
0;1;1.0;1.09934;0.00139;-1.154805;
-1;1;0.97;0.905381;-0.021782;-1.152793;
-1;1;0.94;0.717646;-0.05588;-1.147282;
-1;1;0.91;0.536509;-0.103037;-1.136383;
-1;1;0.88;0.362658;-0.166177;-1.117435;
-1;1;0.85;0.197128;-0.249151;-1.086866;
-1;1;0.82;0.0414;-0.356878;-1.040058;
-1;1;0.79;12.892503;1.621537;-2.109861;
-1;1;0.76;12.895071;1.553553;-2.120819;
0;1;0.76;12.889319;1.476337;-2.131731;
0;1;0.76;12.875259;1.389809;-2.142517;
1;1;0.78;12.852813;1.294376;-2.153348;
1;1;0.8;12.821995;1.190107;-2.16407;
1;1;0.82;12.782716;1.077018;-2.174486;
1;1;0.84;12.734763;0.955077;-2.18436;
1;1;0.86;12.677855;0.824378;-2.193595;
1;1;0.88;12.611738;0.685117;-2.202201;
1;1;0.9;12.536178;0.53748;-2.210188;
1;1;0.92;12.450958;0.381642;-2.217563;
1;1;0.94;12.355885;0.21777;-2.22433;
1;0;0.96;12.250779;0.223932;-2.230492;
1;0;0.98;12.135479;0.229489;-2.236049;
1;0;1.0;12.009843;0.234439;-2.240999;
1;0;1.0;11.873742;0.238775;-2.245335;
1;1;1.0;11.727064;0.235507;-2.249048;
1;1;1.0;11.569891;0.224781;-2.252285;
1;1;1.0;11.402514;0.206897;-2.255345;
1;1;1.0;11.224773;0.18174;-2.258114;
1;1;1.0;11.036498;0.149189;-2.260469;
1;1;1.0;10.837667;0.109111;-2.262279;
1;1;1.0;10.638036;0.061276;-2.263313;
1;0;1.0;10.438418;0.062347;-2.264384;
1;0;1.0;10.238814;0.063456;-2.265493;
1;0;1.0;10.039224;0.064605;-2.266642;
1;0;1.0;9.839649;0.065796;-2.267833;
1;0;1.0;9.64009;0.067032;-2.269069;
1;0;1.0;9.440547;0.068315;-2.270352;
1;0;1.0;9.241023;0.069648;-2.271685;
1;0;1.0;9.041517;0.071034;-2.273071;
1;0;1.0;8.842032;0.072476;-2.274513;
1;0;1.0;8.642568;0.073978;-2.276015;
1;0;1.0;8.443127;0.075544;-2.277581;
1;0;1.0;8.243709;0.077177;-2.279214;
1;0;1.0;8.044318;0.078882;-2.280919;
1;0;1.0;7.844954;0.080663;-2.2827;
1;0;1.0;7.645619;0.082527;-2.284564;
1;0;1.0;7.446316;0.084479;-2.286516;
1;1;1.0;7.246931;0.079376;-2.288394;
1;1;1.0;7.047369;0.067037;-2.290018;
1;1;1.0;6.847587;0.047268;-2.291193;
1;1;1.0;6.647625;0.019848;-2.291699;
1;0;1.0;6.447666;0.020381;-2.292232;
1;0;1.0;6.247708;0.020944;-2.292794;
1;0;1.0;6.047753;0.021538;-2.293388;
1;0;1.0;5.847801;0.022167;-2.294017;
1;0;1.0;5.647852;0.022834;-2.294684;
1;0;1.0;5.447906;0.023542;-2.295392;
1;0;1.0;5.247963;0.024296;-2.296146;
1;0;1.0;5.048024;0.025099;-2.296949;
1;0;1.0;4.848089;0.025957;-2.297807;
1;0;1.0;4.648159;0.026876;-2.298726;
1;0;1.0;4.448234;0.027863;-2.299713;
1;0;1.0;4.248314;0.028924;-2.300775;
1;0;1.0;4.048401;0.03007;-2.30192;
1;0;1.0;3.848495;0.03131;-2.30316;
1;0;1.0;3.648597;0.032657;-2.304507;
1;0;1.0;3.448709;0.034125;-2.305975;
1;0;1.0;3.248831;0.035731;-2.307581;
1;0;1.0;3.048965;0.037496;-2.309346;
1;0;1.0;2.849113;0.039444;-2.311294;
1;0;1.0;2.649277;0.041605;-2.313455;
1;1;1.0;2.449404;0.03663;-2.315462;
1;1;1.0;2.249458;0.024063;-2.316857;
1;1;1.0;2.049459;0.003323;-2.317062;
1;1;1.0;1.849524;-0.026328;-2.315335;
1;1;1.0;1.649927;-0.065854;-2.310716;
1;1;1.0;1.451181;-0.116516;-2.301942;
1;0;1.0;1.252657;-0.126837;-2.291621;
1;0;1.0;1.05442;-0.139152;-2.279306;
1;1;1.0;0.85678;-0.161819;-2.26362;
1;1;1.0;0.66023;-0.19685;-2.242552;
1;1;1.0;0.465592;-0.247284;-2.213061;
1;1;1.0;0.274278;-0.317874;-2.170397;
1;1;1.0;0.08879;-0.41629;-2.106888;
1;1;1.0;3.230979;0.379792;-2.35243;
1;1;1.0;3.042353;0.346999;-2.368507;
1;1;1.0;2.851198;0.306057;-2.383414;
1;1;1.0;2.657982;0.256541;-2.396731;
1;1;1.0;2.463349;0.197894;-2.407897;
1;1;1.0;2.268074;0.129362;-2.416159;
1;1;1.0;2.072104;0.050305;-2.420878;
1;0;1.0;1.872375;0.053806;-2.424379;
1;0;1.0;1.672686;0.05783;-2.428403;
1;0;1.0;1.473047;0.062505;-2.433078;
1;0;1.0;1.273472;0.068;-2.438573;
1;1;1.0;1.07388;0.066899;-2.444454;
1;1;1.0;0.87419;0.058583;-2.4501;
1;1;1.0;0.674349;0.042134;-2.454595;
1;1;1.0;0.474372;0.016136;-2.456522;
1;1;1.0;0.274413;-0.021716;-2.453577;
1;1;1.0;0.074892;-0.075431;-2.44175;
1;1;1.0;5.919098;0.491114;-3.057164;
1;1;1.0;5.738274;0.447779;-3.069679;
1;1;1.0;5.553275;0.396574;-3.081307;
1;1;1.0;5.36399;0.337449;-3.091995;
1;1;1.0;5.170626;0.270345;-3.101685;
1;1;1.0;4.973743;0.195191;-3.110307;
1;0;1.0;4.777565;0.202668;-3.117784;
1;0;1.0;4.581803;0.20988;-3.124996;
1;0;1.0;4.386353;0.217617;-3.132732;
1;0;1.0;4.19125;0.225935;-3.14105;
1;1;1.0;3.996214;0.227648;3.13344;
1;1;1.0;3.80095;0.22252;3.124605;
1;1;1.0;3.605173;0.210271;3.11591;
1;1;1.0;3.408638;0.190573;3.107684;
1;1;1.0;3.211171;0.163029;3.10032;
1;1;1.0;3.012709;0.127164;3.094297;
1;0;1.0;2.814409;0.133814;3.087648;
1;0;1.0;2.616295;0.141193;3.080269;
1;0;1.0;2.418401;0.149426;3.072036;
1;0;1.0;2.220767;0.158671;3.062791;
1;0;1.0;2.023445;0.169123;3.052339;
1;0;1.0;1.826499;0.181033;3.040428;
1;0;1.0;1.630014;0.194725;3.026736;
1;0;1.0;1.434101;0.210625;3.010837;
1;0;1.0;1.238912;0.229302;2.99216;
1;0;1.0;1.044652;0.251537;2.969924;
1;0;1.0;0.851615;0.278424;2.943037;
1;0;1.0;0.660227;0.311539;2.909922;
1;0;1.0;0.471133;0.353223;2.868238;
1;0;1.0;0.285343;0.407075;2.814386;
1;0;1.0;0.104529;0.478828;2.742634;
1;1;1.0;1.853019;0.229016;-1.364966;
0;1;1.0;1.657969;0.231111;-1.381024;
0;1;1.0;1.462723;0.227111;-1.397967;
-1;1;0.97;1.272874;0.215841;-1.414839;
-1;1;0.94;1.088192;0.196416;-1.430982;
-1;1;0.91;0.908525;0.167727;-1.445533;
-1;1;0.88;0.73384;0.128359;-1.457337;
-1;1;0.85;0.564288;0.076462;-1.464827;
-1;1;0.82;0.400295;0.009564;-1.46583;
-1;1;0.79;0.242736;-0.075583;-1.45742;
-1;1;0.76;0.092721;-0.183405;-1.435521;
0;1;0.76;7.69527;1.319992;2.52524;
0;1;0.76;7.650195;1.231974;2.508962;
1;1;0.78;7.595685;1.13465;2.493041;
1;1;0.8;7.530857;1.028028;2.47769;
1;1;0.82;7.455451;0.91237;2.462862;
1;1;0.84;7.369226;0.787924;2.448512;
1;1;0.86;7.271966;0.654928;2.434592;
1;1;0.88;7.16347;0.513611;2.421061;
1;1;0.9;7.043558;0.364193;2.407873;
1;1;0.92;6.912064;0.206888;2.394985;
1;1;0.94;6.768836;0.041901;2.382351;
1;0;0.96;6.613886;0.054318;2.369934;
1;0;0.98;6.452641;0.066232;2.35802;
1;0;1.0;6.284897;0.077642;2.34661;
1;0;1.0;6.113847;0.08832;2.335933;
1;0;1.0;5.93926;0.098227;2.326025;
1;0;1.0;5.760919;0.107323;2.31693;
1;0;1.0;5.578625;0.115556;2.308696;
1;0;1.0;5.392194;0.122871;2.301382;
1;0;1.0;5.201461;0.129198;2.295054;
1;0;1.0;5.00628;0.134459;2.289793;
1;0;1.0;4.808147;0.139075;2.285177;
1;1;1.0;4.609952;0.136789;2.280481;
1;1;1.0;4.411514;0.127355;2.275953;
1;1;1.0;4.212688;0.110486;2.271878;
1;0;1.0;4.013956;0.114884;2.26748;
1;0;1.0;3.815329;0.119645;2.262719;
1;0;1.0;3.616821;0.124816;2.257548;
1;0;1.0;3.418447;0.130451;2.251913;
1;0;1.0;3.220226;0.136616;2.245748;
1;0;1.0;3.022182;0.143388;2.238976;
1;0;1.0;2.824341;0.150861;2.231503;
1;0;1.0;2.626737;0.159149;2.223215;
1;0;1.0;2.429411;0.168391;2.213973;
1;0;1.0;2.232414;0.178761;2.203603;
1;0;1.0;2.035809;0.190476;2.191888;
1;0;1.0;1.839679;0.203811;2.178554;
1;0;1.0;1.644129;0.219121;2.163244;
1;0;1.0;1.449297;0.236871;2.145493;
1;0;1.0;1.25537;0.257682;2.124682;
1;0;1.0;1.062603;0.282395;2.099969;
1;0;1.0;0.871355;0.312181;2.070183;
1;0;1.0;0.682143;0.348706;2.033658;
1;-1;1.0;0.496284;0.402251;1.987095;
1;-1;1.0;0.315845;0.477703;1.925605;
1;-1;1.0;0.144204;0.582338;1.841914;
1;-1;1.0;8.015902;-0.58104;-1.069951;
1;-1;1.0;7.845604;-0.557877;-1.058208;
1;-1;1.0;7.672204;-0.527368;-1.046829;
1;-1;1.0;7.495166;-0.489339;-1.035988;
1;-1;1.0;7.314382;-0.443708;-1.025769;
1;-1;1.0;7.130107;-0.39043;-1.016215;
1;-1;1.0;6.942855;-0.329444;-1.007388;
1;-1;1.0;6.753425;-0.260664;-0.999374;
1;-1;1.0;6.562926;-0.183977;-0.992284;
1;-1;1.0;6.372788;-0.099239;-0.986265;
1;-1;1.0;6.184777;-0.006269;-0.981497;
1;-1;1.0;6.000999;0.095155;-0.978201;
1;-1;1.0;5.823292;0.205261;-0.976606;
1;0;1.0;5.64279;0.205027;-0.976372;
1;0;1.0;5.45889;0.206237;-0.977581;
1;0;1.0;5.271628;0.209017;-0.980362;
1;0;1.0;5.081088;0.21352;-0.984865;
1;1;1.0;4.886722;0.212896;-0.991222;
1;1;1.0;4.690804;0.205879;-0.998168;
1;1;1.0;4.494337;0.191629;-1.004861;
1;1;1.0;4.297111;0.169857;-1.011015;
1;0;1.0;4.100102;0.176486;-1.017644;
1;0;1.0;3.903334;0.183647;-1.024805;
1;0;1.0;3.706839;0.191407;-1.032565;
1;0;1.0;3.510652;0.199842;-1.041;
1;0;1.0;3.314815;0.209044;-1.050202;
1;0;1.0;3.119378;0.219119;-1.060277;
1;0;1.0;2.924401;0.230197;-1.071355;
1;0;1.0;2.729956;0.242432;-1.08359;
1;0;1.0;2.53613;0.25601;-1.097168;
1;0;1.0;2.343032;0.27116;-1.112318;
1;0;1.0;2.150796;0.288163;-1.129321;
1;1;1.0;1.959171;0.299937;-1.148077;
1;1;1.0;1.767868;0.30636;-1.168462;
0;1;1.0;1.576575;0.307272;-1.190318;
0;1;1.0;1.384965;0.302471;-1.213443;
-1;1;0.97;1.198455;0.290663;-1.236757;
-1;1;0.94;1.01674;0.271008;-1.259651;
-1;1;0.91;0.839561;0.242822;-1.281687;
-1;1;0.88;0.666818;0.205414;-1.302433;
-1;1;0.85;0.498626;0.157892;-1.321279;
-1;1;0.82;0.335345;0.099052;-1.337321;
-1;1;0.79;0.177606;0.027194;-1.349181;
-1;1;0.76;0.026351;-0.060186;-1.354706;
-1;1;0.73;7.350078;1.520868;2.409692;
0;1;0.73;7.3532;1.425645;2.392884;
0;1;0.73;7.347716;1.320303;2.376632;
0;1;0.73;7.332889;1.204578;2.361198;
0;1;0.73;7.308208;1.078411;2.346643;
1;1;0.75;7.273349;0.942106;2.332917;
1;1;0.77;7.228014;0.795949;2.319978;
1;1;0.79;7.171936;0.640207;2.307785;
1;1;0.81;7.104871;0.475136;2.296304;
1;1;0.83;7.026597;0.300973;2.285502;
1;1;0.85;6.936913;0.117944;2.275353;
1;0;0.87;6.835636;0.127464;2.265834;
1;0;0.89;6.722598;0.136373;2.256925;
1;0;0.91;6.597647;0.144688;2.24861;
1;0;0.93;6.460644;0.152418;2.240879;
1;0;0.95;6.311465;0.15957;2.233727;
1;0;0.97;6.149993;0.166146;2.227152;
1;0;0.99;5.976126;0.172139;2.221159;
1;1;1.0;5.789771;0.170557;2.215759;
1;1;1.0;5.592292;0.161326;2.211028;
1;1;1.0;5.39432;0.144758;2.206651;
1;1;1.0;5.195728;0.120596;2.202888;
1;1;1.0;4.996486;0.088544;2.200034;
1;1;1.0;4.796711;0.048265;2.198425;
1;0;1.0;4.596952;0.049989;2.196701;
1;0;1.0;4.397211;0.051841;2.194849;
1;0;1.0;4.19749;0.053835;2.192855;
1;0;1.0;3.997792;0.055988;2.190702;
1;0;1.0;3.798118;0.058321;2.188369;
1;0;1.0;3.598473;0.060856;2.185834;
1;0;1.0;3.39886;0.063621;2.183069;
1;0;1.0;3.199284;0.066649;2.180041;
1;0;1.0;2.99975;0.069979;2.176711;
1;0;1.0;2.800265;0.073659;2.173031;
1;0;1.0;2.600838;0.077747;2.168943;
1;0;1.0;2.401477;0.082313;2.164376;
1;0;1.0;2.202197;0.087449;2.159241;
1;0;1.0;2.003012;0.093265;2.153425;
1;0;1.0;1.803943;0.099908;2.146782;
1;0;1.0;1.605017;0.107566;2.139124;
1;-1;1.0;1.406436;0.124047;2.129624;
1;-1;1.0;1.208509;0.150468;2.117166;
1;-1;1.0;1.011729;0.188371;2.100207;
1;-1;1.0;0.816896;0.239922;2.076581;
1;-1;1.0;0.625309;0.30823;2.04318;
1;-1;1.0;0.439078;0.397806;1.995491;
1;-1;1.0;0.261662;0.515205;1.926961;
1;-1;1.0;0.097978;0.668836;1.829182;
1;-1;1.0;2.979898;-0.340046;-1.223492;
1;-1;1.0;2.79024;-0.286214;-1.20751;
1;-1;1.0;2.599589;-0.224319;-1.192611;
1;-1;1.0;2.409005;-0.154029;-1.179125;
1;-1;1.0;2.219832;-0.074877;-1.16752;
1;0;1.0;2.027115;-0.084907;-1.15749;
1;0;1.0;1.830639;-0.093081;-1.149316;
1;0;1.0;1.631571;-0.100145;-1.142252;
1;1;1.0;1.432811;-0.115916;-1.133462;
1;1;1.0;1.234646;-0.141471;-1.12187;
1;1;1.0;1.037534;-0.178288;-1.105997;
0;1;1.0;0.842227;-0.228444;-1.083766;
-1;1;0.97;0.655698;-0.294097;-1.053235;
-1;1;0.94;0.479555;-0.378631;-1.01125;
-1;1;0.91;0.316151;-0.486316;-0.953787;
-1;1;0.88;0.168474;-0.621818;-0.876439;
-1;1;0.85;0.040784;-0.790053;-0.774572;
-1;1;0.82;12.641634;1.460706;-2.121844;
-1;1;0.79;12.619901;1.388395;-2.133252;
0;1;0.79;12.590001;1.307056;-2.144468;
0;1;0.79;12.551854;1.216577;-2.155383;
1;1;0.81;12.505321;1.117306;-2.166124;
1;1;0.83;12.450275;1.009254;-2.176494;
1;1;0.85;12.386469;0.892383;-2.18626;
1;1;0.87;12.313632;0.766855;-2.195393;
1;1;0.89;12.231516;0.632858;-2.203901;
1;1;0.91;12.139893;0.490573;-2.211793;
1;1;0.93;12.038553;0.340169;-2.219072;
1;1;0.95;11.927306;0.181806;-2.225742;
1;1;0.97;11.80598;0.015637;-2.231803;
1;0;0.99;11.674417;0.021086;-2.237251;
1;0;1.0;11.532478;0.025916;-2.242082;
1;0;1.0;11.38004;0.03012;-2.246286;
1;0;1.0;11.216995;0.033685;-2.24985;
1;0;1.0;11.043252;0.036593;-2.252759;
1;1;1.0;10.858736;0.031844;-2.254991;
1;1;1.0;10.663389;0.019411;-2.256521;
1;1;1.0;10.464212;-0.000795;-2.257259;
1;1;1.0;10.264704;-0.028845;-2.257134;
1;0;1.0;10.064788;-0.029366;-2.256612;
1;0;1.0;9.864876;-0.029907;-2.256072;
1;0;1.0;9.664967;-0.030468;-2.255511;
1;0;1.0;9.465062;-0.03105;-2.254929;
1;0;1.0;9.26516;-0.031655;-2.254324;
1;0;1.0;9.065262;-0.032284;-2.253695;
1;0;1.0;8.865369;-0.032938;-2.253041;
1;0;1.0;8.665479;-0.033619;-2.252359;
1;0;1.0;8.465595;-0.03433;-2.251649;
1;0;1.0;8.265715;-0.03507;-2.250908;
1;0;1.0;8.065841;-0.035844;-2.250135;
1;0;1.0;7.865972;-0.036652;-2.249326;
1;0;1.0;7.66611;-0.037498;-2.248481;
1;-1;1.0;7.466205;-0.031238;-2.24776;
1;-1;1.0;7.266236;-0.017693;-2.247342;
1;0;1.0;7.066268;-0.018132;-2.246903;
1;0;1.0;6.866301;-0.018593;-2.246442;
1;0;1.0;6.666337;-0.019078;-2.245957;
1;0;1.0;6.466374;-0.019589;-2.245446;
1;0;1.0;6.266414;-0.020128;-2.244907;
1;0;1.0;6.066455;-0.020697;-2.244338;
1;0;1.0;5.866499;-0.0213;-2.243735;
1;0;1.0;5.666546;-0.021939;-2.243096;
1;0;1.0;5.466596;-0.022618;-2.242417;
1;0;1.0;5.266649;-0.023339;-2.241696;
1;0;1.0;5.066705;-0.024109;-2.240926;
1;0;1.0;4.866765;-0.02493;-2.240104;
1;0;1.0;4.666829;-0.02581;-2.239225;
1;0;1.0;4.466898;-0.026754;-2.238281;
1;0;1.0;4.266973;-0.02777;-2.237265;
1;0;1.0;4.067053;-0.028866;-2.236169;
1;0;1.0;3.86714;-0.030052;-2.234983;
1;0;1.0;3.667234;-0.03134;-2.233695;
1;0;1.0;3.467336;-0.032743;-2.232292;
1;0;1.0;3.267449;-0.034277;-2.230758;
1;0;1.0;3.067572;-0.035962;-2.229073;
1;0;1.0;2.867708;-0.037821;-2.227214;
1;0;1.0;2.667859;-0.039883;-2.225152;
1;0;1.0;2.468027;-0.042182;-2.222853;
1;0;1.0;2.268216;-0.044763;-2.220272;
1;0;1.0;2.068429;-0.04768;-2.217355;
1;0;1.0;1.868672;-0.051002;-2.214032;
1;0;1.0;1.668952;-0.054823;-2.210212;
1;0;1.0;1.469276;-0.059261;-2.205774;
1;0;1.0;1.269658;-0.06448;-2.200555;
1;1;1.0;1.070218;-0.078359;-2.193657;
1;1;1.0;0.871161;-0.102176;-2.183803;
1;1;1.0;0.672855;-0.137803;-2.16912;
1;1;1.0;0.475964;-0.188084;-2.146764;
1;1;1.0;0.281679;-0.257507;-2.112248;
1;1;1.0;0.092171;-0.353431;-2.058211;
1;1;1.0;3.201667;0.480033;-2.348118;
1;1;1.0;3.020652;0.44476;-2.368695;
1;1;1.0;2.837414;0.401761;-2.388528;
1;1;1.0;2.652472;0.350691;-2.407271;
1;1;1.0;2.466442;0.291067;-2.424441;
1;1;1.0;2.280035;0.222219;-2.43937;
1;1;1.0;2.093069;0.143636;-2.451543;
1;1;1.0;1.905115;0.054796;-2.460442;
1;1;1.0;1.715845;-0.044968;-2.465397;
1;1;1.0;1.525069;-0.156535;-2.465531;
1;1;1.0;1.33279;-0.281088;-2.459661;
1;1;1.0;1.139289;-0.420256;-2.446156;
1;0;1.0;0.945265;-0.443693;-2.422719;
1;0;1.0;0.752066;-0.48037;-2.386043;
1;0;1.0;0.566312;-0.532282;-2.33413;
1;1;1.0;0.393341;-0.609727;-2.263667;
1;0;1.0;0.234704;-0.702619;-2.170776;
1;0;1.0;0.089764;-0.821496;-2.051898;
1;0;1.0;5.614765;0.129723;-3.003117;
1;1;1.0;5.416316;0.126558;-3.006933;
1;1;1.0;5.217623;0.116209;-3.010547;
1;1;1.0;5.01856;0.098426;-3.013708;
1;0;1.0;4.819561;0.101803;-3.017085;
1;0;1.0;4.620634;0.10542;-3.020701;
1;0;1.0;4.421785;0.109301;-3.024583;
1;0;1.0;4.223024;0.113478;-3.02876;
1;1;1.0;4.024202;0.110728;-3.032991;
1;1;1.0;3.825176;0.10077;-3.036996;
1;1;1.0;3.62584;0.083274;-3.040444;
1;1;1.0;3.426161;0.057848;-3.042943;
1;1;1.0;3.226216;0.024027;-3.044029;
1;0;1.0;3.026276;0.025221;-3.045222;
1;0;1.0;2.826343;0.026539;-3.046541;
1;0;1.0;2.626418;0.028002;-3.048004;
1;1;1.0;2.426464;0.022248;-3.049231;
1;1;1.0;2.226472;0.008799;-3.049744;
1;1;1.0;2.026487;-0.012948;-3.048942;
1;1;1.0;1.826666;-0.043764;-3.046051;
1;0;1.0;1.626872;-0.047095;-3.04272;
1;0;1.0;1.427112;-0.050975;-3.03884;
1;0;1.0;1.227395;-0.05555;-3.034265;
1;0;1.0;1.027734;-0.061026;-3.028789;
1;0;1.0;0.828147;-0.067698;-3.022117;
1;0;1.0;0.628662;-0.076005;-3.01381;
1;0;1.0;0.42932;-0.08663;-3.003185;
1;0;1.0;0.230191;-0.100697;-2.989118;
1;0;1.0;0.0314;-0.120191;-2.969623;
1;0;1.0;1.821351;-0.007145;-1.149915;
1;1;1.0;1.621373;-0.015204;-1.148837;
1;1;1.0;1.421465;-0.031575;-1.146429;
1;1;1.0;1.221765;-0.057245;-1.141703;
1;1;1.0;1.022562;-0.093582;-1.133291;
1;1;1.0;0.824391;-0.142536;-1.119244;
1;0;1.0;0.626667;-0.160002;-1.101777;
1;0;1.0;0.429577;-0.182293;-1.079486;
1;1;1.0;0.233722;-0.21978;-1.048981;
1;1;1.0;0.040193;-0.278291;-1.004432;
