[mass=10.0;maxForwardSpeed=10.0;maxBackwardSpeed=0.0;turnRange=0.349066;brakePower=0.3;enginePower=0.2;steeringPower=0.2]
1;0;0.02;7.806902;0.0;2.417675;
1;0;0.04;7.798902;0.0;2.417675;
1;0;0.06;7.786902;0.0;2.417675;
1;0;0.08;7.770902;0.0;2.417675;
1;0;0.1;7.750902;0.0;2.417675;
1;0;0.12;7.726902;0.0;2.417675;
1;0;0.14;7.698902;0.0;2.417675;
1;0;0.16;7.666902;0.0;2.417675;
1;0;0.18;7.630902;0.0;2.417675;
1;0;0.2;7.590902;0.0;2.417675;
1;0;0.22;7.546902;0.0;2.417675;
1;0;0.24;7.498902;0.0;2.417675;
1;0;0.26;7.446902;0.0;2.417675;
1;0;0.28;7.390902;0.0;2.417675;
1;0;0.3;7.330902;0.0;2.417675;
1;0;0.32;7.266902;0.0;2.417675;
1;0;0.34;7.198902;0.0;2.417675;
1;0;0.36;7.126902;0.0;2.417675;
1;0;0.38;7.050902;0.0;2.417675;
1;0;0.4;6.970902;0.0;2.417675;
1;0;0.42;6.886902;0.0;2.417675;
1;0;0.44;6.798902;0.0;2.417675;
1;0;0.46;6.706902;0.0;2.417675;
1;0;0.48;6.610902;0.0;2.417675;
1;0;0.5;6.510902;0.0;2.417675;
1;0;0.52;6.406902;0.0;2.417675;
1;0;0.54;6.298902;0.0;2.417675;
1;0;0.56;6.186902;0.0;2.417675;
1;0;0.58;6.070902;-0.0;2.417675;
1;0;0.6;5.950902;-0.0;2.417675;
1;0;0.62;5.826902;-0.0;2.417675;
1;0;0.64;5.698902;-0.0;2.417675;
1;0;0.66;5.566902;-0.0;2.417675;
1;0;0.68;5.430902;-0.0;2.417675;
1;0;0.7;5.290902;-0.0;2.417675;
1;0;0.72;5.146902;-0.0;2.417675;
1;0;0.74;4.998902;-0.0;2.417675;
1;0;0.76;4.846902;-0.0;2.417675;
1;0;0.78;4.690902;-0.0;2.417675;
1;0;0.8;4.530902;-0.0;2.417675;
1;0;0.82;4.366902;-0.0;2.417675;
1;0;0.84;4.198902;-0.0;2.417675;
1;0;0.86;4.026902;-0.0;2.417675;
1;0;0.88;3.850902;-0.0;2.417675;
1;0;0.9;3.670902;-0.0;2.417675;
1;0;0.92;3.486902;-0.0;2.417675;
1;0;0.94;3.298902;-0.0;2.417675;
1;0;0.96;3.106902;-0.0;2.417675;
1;0;0.98;2.910902;-0.0;2.417675;
1;0;1.0;2.710902;-0.0;2.417675;
1;0;1.0;2.510902;-0.0;2.417675;
1;0;1.0;2.310902;-0.0;2.417675;
1;0;1.0;2.110902;-0.0;2.417675;
1;-1;1.0;1.910908;0.007461;2.417195;
1;-1;1.0;1.710957;0.023004;2.415615;
1;-1;1.0;1.511165;0.047447;2.412116;
1;-1;1.0;1.311782;0.081887;2.405601;
1;-1;1.0;1.113273;0.127822;2.394573;
1;-1;1.0;0.916444;0.187337;2.376946;
1;-1;1.0;0.722634;0.263379;2.349773;
1;-1;1.0;0.533541;0.35954;2.309462;
1;-1;1.0;0.351791;0.480689;2.251145;
1;-1;1.0;0.181614;0.633626;2.168021;
1;-1;1.0;0.029609;0.82713;2.051312;
1;-1;1.0;8.137404;-0.085212;-1.055739;
1;0;1.0;7.94067;-0.088136;-1.052815;
1;0;1.0;7.741464;-0.09015;-1.050801;
1;0;1.0;7.542295;-0.092257;-1.048693;
1;0;1.0;7.343166;-0.094466;-1.046485;
1;0;1.0;7.14408;-0.096782;-1.044168;
1;-1;1.0;6.944906;-0.092059;-1.041911;
1;-1;1.0;6.745531;-0.08011;-1.039896;
1;-1;1.0;6.54589;-0.060734;-1.038329;
1;-1;1.0;6.346001;-0.033702;-1.037436;
1;-1;1.0;6.146001;0.001239;-1.03747;
1;-1;1.0;5.946192;0.044368;-1.038711;
1;0;1.0;5.746395;0.045683;-1.040026;
1;0;1.0;5.54661;0.047078;-1.041421;
1;0;1.0;5.346839;0.048561;-1.042904;
1;0;1.0;5.147082;0.05014;-1.044483;
1;0;1.0;4.947342;0.051826;-1.046169;
1;0;1.0;4.74762;0.053628;-1.047971;
1;0;1.0;4.547918;0.055561;-1.049904;
1;0;1.0;4.348238;0.057637;-1.05198;
1;0;1.0;4.148583;0.059875;-1.054218;
1;0;1.0;3.948956;0.062293;-1.056636;
1;-1;1.0;3.749455;0.072189;-1.059551;
1;-1;1.0;3.55023;0.089934;-1.063333;
1;-1;1.0;3.351514;0.115964;-1.068419;
1;-1;1.0;3.15368;0.150793;-1.075323;
1;0;1.0;2.956064;0.158388;-1.082918;
1;0;1.0;2.758699;0.166781;-1.091311;
1;0;1.0;2.561629;0.176103;-1.100633;
0;0;1.0;2.364905;0.186516;-1.111046;
0;0;1.0;2.168591;0.198221;-1.122751;
0;1;1.0;1.97248;0.204029;-1.13554;
-1;1;0.97;1.782207;0.20301;-1.148699;
-1;1;0.94;1.597513;0.194462;-1.161757;
-1;1;0.91;1.418176;0.177561;-1.174134;
-1;1;0.88;1.244041;0.151322;-1.185105;
-1;1;0.85;1.075071;0.114558;-1.193765;
-1;1;0.82;0.911387;0.065864;-1.199009;
-1;1;0.79;0.753263;0.003942;-1.199862;
-1;1;0.76;0.601303;-0.072816;-1.195064;
-1;1;0.73;0.456517;-0.166413;-1.182991;
-1;1;0.7;0.320397;-0.279319;-1.161583;
0;1;0.7;0.189264;-0.41499;-1.127382;
0;1;0.7;0.066373;-0.57722;-1.076596;
0;1;0.7;7.026481;1.265629;2.407058;
1;1;0.72;6.996676;1.150282;2.391291;
1;1;0.74;6.95739;1.024689;2.376337;
1;1;0.76;6.908177;0.889055;2.362237;
1;1;0.78;6.848729;0.743657;2.34895;
1;1;0.8;6.778763;0.588756;2.33644;
1;1;0.82;6.698026;0.424598;2.324673;
1;1;0.84;6.606282;0.251413;2.313622;
1;1;0.86;6.503322;0.069419;2.303263;
1;1;0.88;6.38895;-0.121179;2.293574;
1;0;0.9;6.262993;-0.112146;2.284541;
1;0;0.92;6.125289;-0.103759;2.276154;
1;0;0.94;5.975693;-0.096013;2.268408;
1;0;0.96;5.814074;-0.088908;2.261303;
1;0;0.98;5.640311;-0.082453;2.254848;
1;0;1.0;5.457382;-0.076813;2.249208;
1;-1;1.0;5.271134;-0.065356;2.244732;
1;-1;1.0;5.080986;-0.048157;2.241496;
1;-1;1.0;4.886446;-0.025307;2.23959;
1;-1;1.0;4.687131;0.00308;2.239128;
1;-1;1.0;4.487281;0.039371;2.237744;
1;0;1.0;4.287442;0.04086;2.236255;
1;0;1.0;4.087615;0.042465;2.234649;
1;0;1.0;3.887803;0.044203;2.232912;
1;0;1.0;3.688006;0.046088;2.231027;
1;-1;1.0;3.488301;0.055433;2.228663;
1;-1;1.0;3.288804;0.072629;2.22543;
1;-1;1.0;3.089722;0.098142;2.220861;
1;-1;1.0;2.89139;0.13253;2.214398;
1;0;1.0;2.693239;0.139686;2.207242;
1;0;1.0;2.495298;0.147652;2.199276;
1;0;1.0;2.297605;0.156575;2.190353;
1;0;1.0;2.100209;0.166635;2.180293;
1;0;1.0;1.903168;0.178062;2.168866;
1;0;1.0;1.706563;0.191151;2.155777;
1;0;1.0;1.510493;0.206287;2.140641;
1;0;1.0;1.315096;0.223983;2.122945;
1;-1;1.0;1.120901;0.252552;2.101357;
1;-1;1.0;0.928681;0.293829;2.074043;
1;-1;1.0;0.73961;0.350375;2.038441;
1;-1;1.0;0.555506;0.425806;1.990935;
1;-1;1.0;0.379228;0.525227;1.926421;
1;-1;1.0;0.215296;0.655637;1.837899;
1;-1;1.0;0.070773;0.825773;1.716632;
1;-1;1.0;2.855;-0.292991;-1.23314;
1;-1;1.0;2.661828;-0.243571;-1.219728;
1;-1;1.0;2.467673;-0.185764;-1.207722;
1;-1;1.0;2.273474;-0.119188;-1.197504;
1;-1;1.0;2.080455;-0.043313;-1.189602;
1;0;1.0;1.883866;-0.049063;-1.183852;
1;0;1.0;1.684124;-0.052718;-1.180198;
1;0;1.0;1.484424;-0.05696;-1.175956;
0;1;1.0;1.284869;-0.069534;-1.170363;
-1;1;0.97;1.091611;-0.091468;-1.162607;
-1;1;0.94;0.90493;-0.124209;-1.151472;
-1;1;0.91;0.725294;-0.169615;-1.135343;
-1;1;0.88;0.553465;-0.230093;-1.112076;
-1;1;0.85;0.390646;-0.30878;-1.078813;
-1;1;0.82;0.238684;-0.409712;-1.031819;
-1;1;0.79;0.099982;-0.537401;-0.966904;
0;1;0.79;12.776806;1.511396;-2.108944;
0;1;0.79;12.760311;1.442336;-2.120333;
1;1;0.81;12.735544;1.364813;-2.131878;
1;1;0.83;12.702609;1.278931;-2.143476;
1;1;0.85;12.661542;1.184747;-2.154984;
1;1;0.87;12.61228;1.082269;-2.166223;
1;1;0.89;12.554641;0.971462;-2.176977;
1;1;0.91;12.488344;0.85235;-2.187098;
1;1;0.93;12.41311;0.725111;-2.196598;
1;1;0.95;12.328684;0.589912;-2.205488;
1;1;0.97;12.234828;0.446912;-2.213774;
1;1;0.99;12.131325;0.296263;-2.221462;
1;1;1.0;12.017976;0.138039;-2.228557;
1;0;1.0;11.894599;0.14454;-2.235058;
1;0;1.0;11.761027;0.150447;-2.240965;
1;0;1.0;11.617112;0.155756;-2.246274;
1;0;1.0;11.462719;0.160458;-2.250976;
1;1;1.0;11.297731;0.157562;-2.255062;
1;1;1.0;11.122043;0.147054;-2.258516;
1;1;1.0;10.93557;0.128915;-2.261321;
1;1;1.0;10.73824;0.103123;-2.263454;
1;1;1.0;10.538915;0.069568;-2.264806;
1;1;1.0;10.339028;0.028199;-2.265325;
1;0;1.0;10.139109;0.028706;-2.265831;
1;0;1.0;9.939193;0.02923;-2.266356;
1;0;1.0;9.73928;0.029775;-2.2669;
1;0;1.0;9.53937;0.03034;-2.267465;
1;0;1.0;9.339464;0.030926;-2.268052;
1;0;1.0;9.139562;0.031536;-2.268662;
1;0;1.0;8.939663;0.032171;-2.269296;
1;0;1.0;8.739769;0.032831;-2.269957;
1;0;1.0;8.539879;0.033519;-2.270645;
1;0;1.0;8.339993;0.034237;-2.271363;
1;-1;1.0;8.140167;0.04212;-2.272264;
1;-1;1.0;7.940488;0.057336;-2.273518;
1;0;1.0;7.740825;0.058648;-2.274829;
1;0;1.0;7.541177;0.06002;-2.276202;
1;0;1.0;7.341545;0.061458;-2.27764;
1;0;1.0;7.141932;0.062967;-2.279149;
1;0;1.0;6.942339;0.064552;-2.280733;
1;0;1.0;6.742766;0.066218;-2.2824;
1;0;1.0;6.543216;0.067972;-2.284154;
1;0;1.0;6.34369;0.069822;-2.286004;
1;0;1.0;6.144191;0.071775;-2.287957;
1;-1;1.0;5.944829;0.081022;-2.290223;
1;-1;1.0;5.745757;0.097797;-2.293035;
1;0;1.0;5.546742;0.10078;-2.296017;
1;0;1.0;5.347789;0.10395;-2.299187;
1;0;1.0;5.148903;0.107325;-2.302562;
1;0;1.0;4.950092;0.110925;-2.306163;
1;0;1.0;4.751364;0.114775;-2.310012;
1;0;1.0;4.552727;0.118899;-2.314137;
1;1;1.0;4.354025;0.11609;-2.318309;
1;1;1.0;4.155108;0.106083;-2.322265;
1;1;1.0;3.955861;0.088571;-2.325696;
1;1;1.0;3.756244;0.063194;-2.328245;
1;1;1.0;3.556328;0.029529;-2.329486;
1;1;1.0;3.356344;-0.012926;-2.328919;
1;0;1.0;3.156361;-0.013548;-2.328297;
1;0;1.0;2.956381;-0.014233;-2.327612;
1;1;1.0;2.756428;-0.022344;-2.326483;
1;1;1.0;2.556567;-0.038348;-2.324442;
1;1;1.0;2.35694;-0.062822;-2.320911;
1;1;1.0;2.157815;-0.096487;-2.315172;
1;1;1.0;1.959655;-0.140247;-2.306318;
1;1;1.0;1.7632;-0.195246;-2.293207;
1;1;1.0;1.569585;-0.262928;-2.274394;
1;0;1.0;1.377026;-0.284799;-2.252524;
1;0;1.0;1.185805;-0.310509;-2.226813;
1;0;1.0;0.996305;-0.341125;-2.196197;
1;1;1.0;0.809588;-0.385817;-2.158487;
1;1;1.0;0.627221;-0.447636;-2.110631;
1;1;1.0;0.451592;-0.530844;-2.048367;
1;1;1.0;0.286387;-0.641286;-1.965849;
1;1;1.0;0.137304;-0.786471;-1.855571;
1;1;1.0;0.012864;-0.97437;-1.70956;
1;1;1.0;2.830504;0.165269;-2.305641;
1;1;1.0;2.631766;0.115432;-2.311655;
1;1;1.0;2.432059;0.055664;-2.314719;
1;0;1.0;2.232388;0.059107;-2.318161;
1;0;1.0;2.03276;0.063002;-2.322057;
1;1;1.0;1.833096;0.059974;-2.326009;
1;1;1.0;1.633323;0.049504;-2.329503;
1;1;1.0;1.433412;0.030908;-2.33185;
1;1;1.0;1.233413;0.003249;-2.332117;
1;1;1.0;1.033523;-0.03477;-2.329004;
1;1;1.0;0.834174;-0.085009;-2.320653;
1;1;1.0;0.636182;-0.150195;-2.304336;
1;1;1.0;0.440993;-0.234445;-2.275937;
1;1;1.0;0.250844;-0.343937;-2.229277;
1;1;1.0;0.068749;-0.487685;-2.155342;
1;1;1.0;5.695643;0.301512;-3.021334;
1;1;1.0;5.499192;0.226172;-3.029769;
1;1;1.0;5.299062;0.142712;-3.037066;
1;1;1.0;5.096431;0.051054;-3.043147;
1;0;1.0;4.894967;0.055864;-3.047957;
1;0;1.0;4.694542;0.059265;-3.051358;
1;0;1.0;4.494906;0.061421;-3.053514;
1;0;1.0;4.295298;0.063739;-3.055832;
1;1;1.0;4.095632;0.058985;-3.058058;
1;1;1.0;3.895843;0.046861;-3.059897;
1;1;1.0;3.695913;0.02702;-3.061001;
1;1;1.0;3.495913;-0.000945;-3.06096;
1;0;1.0;3.295913;-0.000989;-3.060916;
1;0;1.0;3.095913;-0.001038;-3.060868;
1;0;1.0;2.895914;-0.001091;-3.060815;
1;-1;1.0;2.695917;0.006209;-3.061134;
1;-1;1.0;2.49596;0.021326;-3.062288;
1;-1;1.0;2.29615;0.044834;-3.064852;
1;-1;1.0;2.096713;0.077454;-3.069547;
1;-1;1.0;1.898061;0.120099;-3.077285;
1;0;1.0;1.699608;0.128975;-3.086161;
1;0;1.0;1.501401;0.139259;-3.096445;
1;0;1.0;1.303505;0.151311;-3.108497;
1;0;1.0;1.106006;0.165626;-3.122812;
1;0;1.0;0.909027;0.1829;-3.140086;
1;0;1.0;0.71275;0.20414;3.12186;
1;0;1.0;0.517444;0.230862;3.095137;
1;0;1.0;0.323542;0.265445;3.060554;
1;1;1.0;0.131341;0.303664;3.015354;
0;1;1.0;1.930234;0.223216;-1.268591;
0;1;1.0;1.734606;0.216965;-1.283284;
-1;1;0.97;1.544315;0.203137;-1.297597;
-1;1;0.94;1.359157;0.18086;-1.310888;
-1;1;0.91;1.17902;0.149079;-1.322347;
-1;1;0.88;1.003937;0.106491;-1.330932;
-1;1;0.85;0.834143;0.051469;-1.335296;
-1;1;0.82;0.670245;-0.017678;-1.33405;
-1;1;0.79;0.513217;-0.103153;-1.325312;
0;1;0.79;0.358802;-0.207079;-1.306961;
0;1;0.79;0.209388;-0.333101;-1.27535;
0;1;0.79;0.068419;-0.486348;-1.225353;
1;1;0.81;7.471297;1.216831;2.518869;
1;1;0.83;7.424275;1.113208;2.502212;
1;1;0.85;7.367148;1.000757;2.486171;
1;1;0.87;7.299634;0.879718;2.470694;
1;1;0.89;7.221475;0.75032;2.455731;
1;1;0.91;7.132437;0.612783;2.441235;
1;1;0.93;7.032306;0.46732;2.427159;
1;1;0.95;6.920887;0.314135;2.413456;
1;1;0.97;6.798002;0.153426;2.400079;
1;1;0.99;6.663489;-0.014614;2.386982;
1;0;1.0;6.517203;-0.001748;2.374116;
1;0;1.0;6.359008;0.010938;2.36143;
1;0;1.0;6.197052;0.02297;2.349398;
1;0;1.0;6.031906;0.034268;2.338099;
1;0;1.0;5.863326;0.044799;2.327568;
1;0;1.0;5.691085;0.054522;2.317846;
1;0;1.0;5.514969;0.063391;2.308977;
1;0;1.0;5.334781;0.071351;2.301017;
1;0;1.0;5.150345;0.07834;2.294028;
1;0;1.0;4.961502;0.084283;2.288085;
1;0;1.0;4.768114;0.089092;2.283276;
1;0;1.0;4.570068;0.092659;2.279708;
1;1;1.0;4.370829;0.088865;2.276522;
1;1;1.0;4.171411;0.077796;2.273628;
1;1;1.0;3.971747;0.059138;2.271342;
1;1;1.0;3.771849;0.032521;2.270034;
1;0;1.0;3.571959;0.033943;2.268612;
1;0;1.0;3.372079;0.035495;2.267059;
1;0;1.0;3.172211;0.037197;2.265358;
1;0;1.0;2.972357;0.039069;2.263486;
1;0;1.0;2.772517;0.04114;2.261415;
1;0;1.0;2.572696;0.043442;2.259113;
1;0;1.0;2.372896;0.046017;2.256537;
1;0;1.0;2.173121;0.048917;2.253638;
1;0;1.0;1.973376;0.052206;2.250349;
1;0;1.0;1.773669;0.055968;2.246586;
1;0;1.0;1.574006;0.060315;2.24224;
1;-1;1.0;1.374497;0.07296;2.236576;
1;-1;1.0;1.175321;0.094904;2.228594;
1;-1;1.0;0.976797;0.127543;2.216899;
1;-1;1.0;0.779479;0.172873;2.199495;
1;-1;1.0;0.584318;0.233823;2.173451;
1;-1;1.0;0.392936;0.314809;2.134354;
1;-1;1.0;0.208113;0.422599;2.075432;
1;-1;1.0;0.034099;0.567012;1.98687;
1;-1;1.0;8.096012;-0.432099;-1.054356;
1;-1;1.0;7.91119;-0.370996;-1.045646;
1;-1;1.0;7.723442;-0.302207;-1.03764;
1;-1;1.0;7.533792;-0.225653;-1.030418;
1;-1;1.0;7.343604;-0.141228;-1.024086;
1;-1;1.0;7.154591;-0.0488;-1.018776;
1;-1;1.0;6.968822;0.051797;-1.014653;
1;-1;1.0;6.788719;0.160757;-1.011912;
1;-1;1.0;6.615103;0.278224;-1.010696;
1;0;1.0;6.440345;0.278314;-1.010786;
1;0;1.0;6.262518;0.279719;-1.012191;
1;0;1.0;6.081662;0.282538;-1.015011;
1;0;1.0;5.897864;0.286889;-1.019361;
1;0;1.0;5.71126;0.292901;-1.025373;
1;0;1.0;5.522042;0.300725;-1.033197;
1;0;1.0;5.331295;0.310082;-1.042554;
1;0;1.0;5.141136;0.32002;-1.052492;
1;1;1.0;4.951174;0.323388;-1.062841;
1;1;1.0;4.760994;0.319997;-1.073413;
1;1;1.0;4.570183;0.309631;-1.083992;
1;0;1.0;4.380039;0.320959;-1.095319;
1;0;1.0;4.190636;0.333115;-1.107475;
1;0;1.0;4.002058;0.346189;-1.12055;
1;0;1.0;3.814401;0.360286;-1.134646;
1;0;1.0;3.627779;0.375522;-1.149882;
1;0;1.0;3.442322;0.392035;-1.166395;
1;0;1.0;3.258181;0.409981;-1.184341;
1;1;1.0;3.074958;0.422249;-1.203591;
1;1;1.0;2.892208;0.42869;-1.223994;
1;1;1.0;2.709452;0.429127;-1.245375;
1;1;1.0;2.526199;0.423354;-1.267527;
0;1;1.0;2.341958;0.411116;-1.290196;
0;1;1.0;2.156262;0.392098;-1.313066;
-1;1;0.97;1.974293;0.365356;-1.335409;
-1;1;0.94;1.795882;0.330479;-1.357044;
-1;1;0.91;1.621072;0.286999;-1.377748;
-1;1;0.88;1.450137;0.234357;-1.397223;
-1;1;0.85;1.283597;0.171875;-1.415071;
-1;1;0.82;1.122228;0.098708;-1.430749;
-1;1;0.79;0.967075;0.013797;-1.443519;
-1;1;0.76;0.819455;-0.084193;-1.452396;
-1;1;0.73;0.680556;-0.1969;-1.45612;
-1;1;0.7;0.550266;-0.32618;-1.453245;
-1;1;0.67;0.428696;-0.474232;-1.442016;
0;1;0.67;0.31628;-0.643144;-1.420348;
0;1;0.67;0.213909;-0.835311;-1.385845;
0;1;0.67;0.123077;-1.053286;-1.335953;
1;1;0.69;0.046019;-1.299093;-1.268348;
1;1;0.71;7.175561;0.274323;2.418123;
1;1;0.73;7.092972;0.085425;2.409423;
1;0;0.75;6.999605;0.093258;2.40159;
1;0;0.77;6.89528;0.100227;2.394621;
1;0;0.79;6.779836;0.106327;2.388521;
1;0;0.81;6.653136;0.111547;2.383301;
1;0;0.83;6.515062;0.115864;2.378984;
1;0;0.85;6.365517;0.119248;2.3756;
1;0;0.87;6.204642;0.121825;2.373023;
1;0;0.89;6.033942;0.124746;2.370102;
1;0;0.91;5.853435;0.128049;2.366799;
1;0;0.93;5.669001;0.13161;2.363237;
1;1;0.95;5.480508;0.127896;2.359604;
1;1;0.97;5.287792;0.116839;2.356114;
1;0;0.99;5.091185;0.120629;2.352325;
1;0;1.0;4.892688;0.124713;2.34824;
1;0;1.0;4.694295;0.129082;2.343871;
1;0;1.0;4.49602;0.133766;2.339187;
1;1;1.0;4.297685;0.131558;2.334413;
1;1;1.0;4.099121;0.122198;2.329812;
1;1;1.0;3.900187;0.105379;2.325686;
1;1;1.0;3.700812;0.080746;2.322394;
1;0;1.0;3.501492;0.08433;2.31881;
1;0;1.0;3.302236;0.088245;2.314895;
1;0;1.0;3.103052;0.092541;2.310599;
1;0;1.0;2.903952;0.097275;2.305865;
1;0;1.0;2.704948;0.102518;2.300622;
1;0;1.0;2.506058;0.108356;2.294784;
1;0;1.0;2.307301;0.114896;2.288244;
1;0;1.0;2.108705;0.122271;2.280869;
1;0;1.0;1.9103;0.130653;2.272487;
1;0;1.0;1.71213;0.140261;2.262879;
1;0;1.0;1.514249;0.151382;2.251758;
1;-1;1.0;1.316967;0.171976;2.238145;
1;-1;1.0;1.120736;0.203374;2.22071;
1;-1;1.0;0.926261;0.247416;2.197612;
1;-1;1.0;0.734647;0.306693;2.16626;
1;-1;1.0;0.547654;0.384904;2.122956;
1;-1;1.0;0.368101;0.487343;2.062404;
1;-1;1.0;0.200528;0.621426;1.977191;
1;-1;1.0;0.051433;0.795849;1.858618;
1;-1;1.0;2.976533;-0.190082;-1.217005;
1;-1;1.0;2.780626;-0.128422;-1.208851;
1;0;1.0;2.582364;-0.135573;-1.201701;
1;0;1.0;2.384307;-0.14356;-1.193714;
1;0;1.0;2.186493;-0.15254;-1.184734;
1;0;1.0;1.98897;-0.162707;-1.174567;
1;0;1.0;1.7918;-0.174312;-1.162962;
1;0;1.0;1.595062;-0.187679;-1.149595;
1;0;1.0;1.398864;-0.203235;-1.134039;
0;1;1.0;1.203662;-0.229156;-1.115099;
0;1;1.0;1.010121;-0.267073;-1.091145;
-1;1;0.97;0.824957;-0.318455;-1.060923;
-1;1;0.94;0.649405;-0.385818;-1.022146;
-1;1;0.91;0.48525;-0.472296;-0.971927;
-1;1;0.88;0.33504;-0.581637;-0.906778;
-1;1;0.85;0.202306;-0.717903;-0.822917;
-1;1;0.82;0.091549;-0.884444;-0.717296;
-1;1;0.79;0.007642;-1.081834;-0.589661;
-1;1;0.76;12.523854;1.360776;-2.132845;
-1;1;0.73;12.485413;1.282627;-2.143201;
-1;1;0.7;12.438526;1.193812;-2.152864;
0;1;0.7;12.382908;1.094619;-2.162124;
0;1;0.7;12.318381;0.984903;-2.170833;
1;1;0.72;12.244747;0.864986;-2.179038;
1;1;0.74;12.161779;0.734985;-2.186593;
1;1;0.76;12.069271;0.595153;-2.193502;
1;1;0.78;11.967034;0.445726;-2.199768;
1;1;0.8;11.854897;0.286928;-2.205389;
1;1;0.82;11.73271;0.118968;-2.210362;
1;1;0.84;11.600339;-0.057957;-2.21468;
1;0;0.86;11.457669;-0.054304;-2.218333;
1;0;0.88;11.304602;-0.05133;-2.221307;
1;0;0.9;11.141058;-0.049053;-2.223585;
1;0;0.92;10.966975;-0.047495;-2.225142;
1;0;0.94;10.782311;-0.046685;-2.225953;
1;0;0.96;10.591089;-0.046677;-2.225961;
1;0;0.98;10.395306;-0.047479;-2.225158;
1;0;1.0;10.195536;-0.048327;-2.224311;
1;0;1.0;9.995773;-0.049206;-2.223432;
1;0;1.0;9.79602;-0.050117;-2.222521;
1;-1;1.0;9.596209;-0.043949;-2.221707;
1;-1;1.0;9.396301;-0.030564;-2.22113;
1;-1;1.0;9.196311;-0.009808;-2.220941;
1;-1;1.0;8.996344;0.018479;-2.221304;
1;0;1.0;8.796379;0.018857;-2.221681;
1;0;1.0;8.596415;0.01925;-2.222074;
1;0;1.0;8.396453;0.019659;-2.222484;
1;0;1.0;8.196492;0.020087;-2.222911;
1;0;1.0;7.996534;0.020533;-2.223358;
1;0;1.0;7.796577;0.021;-2.223825;
1;0;1.0;7.596622;0.021489;-2.224313;
1;0;1.0;7.396669;0.022001;-2.224825;
1;0;1.0;7.196719;0.022537;-2.225362;
1;0;1.0;6.996771;0.023101;-2.225925;
1;0;1.0;6.796826;0.023693;-2.226518;
1;0;1.0;6.596883;0.024317;-2.227142;
1;0;1.0;6.396944;0.024975;-2.227799;
1;0;1.0;6.197008;0.025669;-2.228493;
1;0;1.0;5.997076;0.026402;-2.229227;
1;0;1.0;5.797148;0.027179;-2.230003;
1;0;1.0;5.597224;0.028003;-2.230827;
1;0;1.0;5.397305;0.028878;-2.231702;
1;0;1.0;5.197391;0.02981;-2.232634;
1;0;1.0;4.997482;0.030804;-2.233628;
1;0;1.0;4.797581;0.031866;-2.234691;
1;0;1.0;4.597686;0.033005;-2.235829;
1;1;1.0;4.397756;0.026987;-2.236793;
1;1;1.0;4.197774;0.013526;-2.237294;
1;1;1.0;3.997779;-0.007715;-2.236998;
1;1;1.0;3.797912;-0.037125;-2.235512;
1;0;1.0;3.598055;-0.03874;-2.233898;
1;0;1.0;3.398212;-0.040501;-2.232137;
1;0;1.0;3.198384;-0.04243;-2.230208;
1;0;1.0;2.998573;-0.044551;-2.228086;
1;0;1.0;2.798782;-0.046896;-2.225741;
1;1;1.0;2.599088;-0.05687;-2.222749;
1;1;1.0;2.399619;-0.074996;-2.218585;
1;1;1.0;2.200596;-0.101926;-2.212599;
1;0;1.0;2.001703;-0.108706;-2.20582;
1;0;1.0;1.802968;-0.116447;-2.198078;
1;0;1.0;1.604426;-0.125369;-2.189156;
1;0;1.0;1.406126;-0.135763;-2.178762;
1;0;1.0;1.208132;-0.148022;-2.166503;
1;0;1.0;1.010535;-0.162694;-2.151832;
1;1;1.0;0.813722;-0.188297;-2.13321;
1;1;1.0;0.618298;-0.227088;-2.108381;
1;1;1.0;0.425264;-0.282488;-2.073925;
1;1;1.0;0.236333;-0.359846;-2.024492;
1;1;1.0;0.054523;-0.467757;-1.951488;
1;1;1.0;3.087311;0.47017;-2.338876;
1;1;1.0;2.905656;0.442244;-2.359819;
1;1;1.0;2.721449;0.406722;-2.380147;
1;1;1.0;2.535124;0.363316;-2.399573;
1;1;1.0;2.347204;0.311606;-2.417676;
1;1;1.0;2.158304;0.251;-2.433865;
1;1;1.0;1.969017;0.180726;-2.447367;
1;1;1.0;1.778876;0.100246;-2.457644;
1;1;1.0;1.587513;0.008862;-2.463999;
1;1;1.0;1.394686;-0.094355;-2.465502;
1;1;1.0;1.200343;-0.210677;-2.46088;
1;1;1.0;1.004706;-0.341897;-2.448343;
1;0;1.0;0.80842;-0.364939;-2.4253;
1;0;1.0;0.612957;-0.402253;-2.387987;
1;0;1.0;0.427555;-0.454643;-2.335596;
1;0;1.0;0.250959;-0.52491;-2.26533;
1;1;1.0;0.083348;-0.625657;-2.171563;
1;1;1.0;5.714551;0.206665;-3.017848;
1;1;1.0;5.518095;0.191387;-3.023514;
1;1;1.0;5.320845;0.16861;-3.028663;
1;0;1.0;5.123773;0.174091;-3.034144;
1;0;1.0;4.926898;0.179936;-3.039989;
1;0;1.0;4.730238;0.186183;-3.046235;
1;0;1.0;4.533819;0.192873;-3.052926;
1;1;1.0;4.337392;0.192817;-3.059851;
1;1;1.0;4.140706;0.185776;-3.066773;
1;1;1.0;3.943526;0.17147;-3.073411;
1;1;1.0;3.745669;0.149574;-3.07944;
1;1;1.0;3.54704;0.1197;-3.084472;
1;0;1.0;3.348536;0.125192;-3.089965;
1;0;1.0;3.150177;0.131209;-3.095982;
1;0;1.0;2.951983;0.137831;-3.102603;
1;0;1.0;2.75398;0.145151;-3.109923;
1;1;1.0;2.555993;0.145916;-3.11767;
1;1;1.0;2.357834;0.13979;-3.125506;
1;1;1.0;2.159334;0.126352;-3.133012;
1;0;1.0;1.961036;0.134864;-3.141524;
1;0;1.0;1.762983;0.144596;3.131929;
1;0;1.0;1.565232;0.155831;3.120694;
1;0;1.0;1.367859;0.16894;3.107585;
1;0;1.0;1.170966;0.18443;3.092094;
1;0;1.0;0.974699;0.203005;3.07352;
1;0;1.0;0.779263;0.22567;3.050855;
1;0;1.0;0.584966;0.253909;3.022616;
1;0;1.0;0.392285;0.29;2.986525;
1;0;1.0;0.201997;0.337597;2.938928;
1;1;1.0;0.014908;0.394631;2.874913;
1;1;1.0;1.795434;0.21799;-1.31284;
0;1;1.0;1.599599;0.212109;-1.327902;
0;1;1.0;1.403261;0.199425;-1.343144;
-1;1;0.97;1.212102;0.178648;-1.357489;
-1;1;0.94;1.026001;0.148689;-1.370079;
-1;1;0.91;0.844969;0.108166;-1.379777;
-1;1;0.88;0.669212;0.055282;-1.385048;
-1;1;0.85;0.499298;-0.012065;-1.384069;
-1;1;0.82;0.336202;-0.096666;-1.37435;
-1;1;0.79;0.181438;-0.202428;-1.352306;
0;1;0.79;0.03188;-0.333903;-1.313388;
0;1;0.79;7.571431;1.294059;2.516526;
1;1;0.81;7.527784;1.20113;2.499443;
1;1;0.83;7.474277;1.099221;2.482928;
1;1;0.85;7.410516;0.988541;2.466973;
1;1;0.87;7.336238;0.869327;2.451525;
1;1;0.89;7.251201;0.741811;2.436536;
1;1;0.91;7.155186;0.606213;2.421957;
1;1;0.93;7.047993;0.462748;2.407739;
1;1;0.95;6.92944;0.311622;2.393832;
1;1;0.97;6.799364;0.153037;2.380188;
1;1;0.99;6.657616;-0.012811;2.366754;
1;0;1.0;6.50406;0.000465;2.353478;
1;0;1.0;6.346796;0.013115;2.340828;
1;0;1.0;6.186397;0.025065;2.328878;
1;1;1.0;6.023128;0.029266;2.317696;
1;1;1.0;5.857282;0.02564;2.307359;
1;1;1.0;5.689204;0.014091;2.297964;
1;1;1.0;5.519315;-0.005495;2.289625;
1;0;1.0;5.345125;0.001906;2.282224;
1;0;1.0;5.166469;0.008305;2.275825;
1;0;1.0;4.9832;0.013628;2.270502;
1;0;1.0;4.795194;0.017784;2.266346;
1;0;1.0;4.602353;0.020669;2.263461;
1;0;1.0;4.404606;0.022152;2.261978;
1;0;1.0;4.204657;0.023003;2.261126;
1;0;1.0;4.004712;0.023923;2.260207;
1;0;1.0;3.804772;0.024918;2.259212;
1;0;1.0;3.604837;0.026;2.258129;
1;0;1.0;3.404907;0.027181;2.256949;
1;0;1.0;3.204985;0.028473;2.255656;
1;0;1.0;3.00507;0.029895;2.254235;
1;0;1.0;2.805164;0.031466;2.252664;
1;-1;1.0;2.60532;0.04058;2.250531;
1;-1;1.0;2.405635;0.057744;2.24733;
1;-1;1.0;2.206292;0.083591;2.242427;
1;-1;1.0;2.007617;0.118917;2.235026;
1;0;1.0;1.809129;0.127363;2.22658;
1;0;1.0;1.610873;0.137093;2.21685;
1;0;1.0;1.412904;0.148421;2.205521;
1;0;1.0;1.215301;0.161772;2.192171;
1;0;1.0;1.018169;0.177735;2.176208;
1;-1;1.0;0.821942;0.204879;2.156045;
1;-1;1.0;0.627291;0.245527;2.12936;
1;-1;1.0;0.435317;0.303172;2.092659;
1;-1;1.0;0.247874;0.383223;2.040533;
1;-1;1.0;0.068196;0.494229;1.964434;
1;-1;1.0;8.101693;-0.545652;-1.056966;
1;-1;1.0;7.926378;-0.507462;-1.046287;
1;-1;1.0;7.747131;-0.461693;-1.036205;
1;-1;1.0;7.564169;-0.408309;-1.026757;
1;-1;1.0;7.377973;-0.347256;-1.017997;
1;-1;1.0;7.189311;-0.27846;-1.009999;
1;-1;1.0;6.999262;-0.201822;-1.00286;
1;-1;1.0;6.809232;-0.117216;-0.99671;
1;-1;1.0;6.620968;-0.02448;-0.991707;
1;-1;1.0;6.436562;0.07658;-0.988048;
1;-1;1.0;6.258372;0.186194;-0.98596;
1;0;1.0;6.076957;0.185337;-0.985103;
1;0;1.0;5.892224;0.185803;-0.985569;
1;0;1.0;5.704189;0.187702;-0.987469;
1;0;1.0;5.512907;0.191161;-0.990928;
1;0;1.0;5.318485;0.196328;-0.996094;
1;0;1.0;5.122451;0.2027;-1.002467;
1;0;1.0;4.926682;0.209494;-1.00926;
1;0;1.0;4.731206;0.216751;-1.016518;
1;0;1.0;4.536053;0.224521;-1.024287;
1;0;1.0;4.341258;0.232857;-1.032624;
1;0;1.0;4.146863;0.241824;-1.041591;
1;0;1.0;3.952914;0.251495;-1.051261;
1;0;1.0;3.759466;0.261952;-1.061718;
1;0;1.0;3.566582;0.273294;-1.07306;
1;0;1.0;3.374338;0.285635;-1.085401;
1;0;1.0;3.182821;0.299108;-1.098874;
1;0;1.0;2.992136;0.31387;-1.113637;
1;0;1.0;2.802408;0.33011;-1.129877;
1;1;1.0;2.613317;0.340706;-1.147454;
1;1;1.0;2.4245;0.345489;-1.1662;
1;1;1.0;2.23557;0.344257;-1.185912;
1;1;1.0;2.046129;0.336758;-1.206338;
1;1;1.0;1.85579;0.322673;-1.227159;
0;1;1.0;1.664199;0.301589;-1.247963;
0;1;1.0;1.471058;0.272959;-1.268202;
-1;1;0.97;1.2819;0.236206;-1.287515;
-1;1;0.94;1.09684;0.190756;-1.305559;
-1;1;0.91;0.916223;0.135894;-1.321863;
-1;1;0.88;0.740651;0.070694;-1.335761;
-1;1;0.85;0.570999;-0.006075;-1.346303;
-1;1;0.82;0.40844;-0.096087;-1.352117;
-1;1;0.79;0.254482;-0.201639;-1.351228;
-1;1;0.76;0.110304;-0.325868;-1.340848;
-1;1;0.73;7.307355;1.237459;2.420335;
0;1;0.73;7.289592;1.119862;2.404955;
0;1;0.73;7.262303;0.991769;2.39051;
1;1;0.75;7.225143;0.853478;2.376954;
1;1;0.77;7.177802;0.705271;2.364247;
1;1;0.79;7.119995;0.547414;2.352352;
1;1;0.81;7.051467;0.380156;2.34124;
1;1;0.83;6.971985;0.203731;2.330884;
1;1;0.85;6.881338;0.018359;2.321261;
1;1;0.87;6.779334;-0.175754;2.312356;
1;0;0.89;6.665802;-0.167553;2.304154;
1;0;0.91;6.540584;-0.16005;2.296651;
1;0;0.93;6.40354;-0.153244;2.289845;
1;0;0.95;6.254545;-0.147142;2.283743;
1;0;0.97;6.093487;-0.141755;2.278356;
1;0;0.99;5.920268;-0.137106;2.273707;
1;-1;1.0;5.73681;-0.126332;2.269915;
1;-1;1.0;5.549574;-0.109782;2.267327;
1;-1;1.0;5.35803;-0.087534;2.266023;
1;-1;1.0;5.161764;-0.059689;2.266103;
1;-1;1.0;4.961828;-0.025613;2.266934;
1;0;1.0;4.761895;-0.026502;2.267823;
1;0;1.0;4.561968;-0.027455;2.268776;
1;0;1.0;4.362046;-0.028479;2.2698;
1;0;1.0;4.162131;-0.029582;2.270903;
1;-1;1.0;3.962184;-0.023512;2.271814;
1;-1;1.0;3.762193;-0.00995;2.272215;
1;-1;1.0;3.562206;0.011476;2.271733;
1;-1;1.0;3.362368;0.041207;2.269927;
1;0;1.0;3.162546;0.043186;2.267948;
1;0;1.0;2.962742;0.045365;2.265769;
1;0;1.0;2.762959;0.047776;2.263358;
1;0;1.0;2.5632;0.050456;2.260678;
1;0;1.0;2.363469;0.053455;2.257679;
1;0;1.0;2.163773;0.056833;2.254301;
1;0;1.0;1.964118;0.060665;2.250469;
1;0;1.0;1.764512;0.065052;2.246082;
1;0;1.0;1.564968;0.07012;2.241014;
1;-1;1.0;1.365613;0.083614;2.234502;
1;-1;1.0;1.166652;0.106569;2.225509;
1;-1;1.0;0.96844;0.140434;2.212588;
1;-1;1.0;0.771584;0.187278;2.193669;
1;-1;1.0;0.577117;0.250133;2.165721;
1;-1;1.0;0.38678;0.333551;2.12419;
1;-1;1.0;0.203543;0.444472;2.062139;
1;-1;1.0;0.031881;0.592433;1.970028;
1;-1;1.0;3.068558;-0.306105;-1.192988;
1;-1;1.0;2.877294;-0.25019;-1.17909;
1;-1;1.0;2.685435;-0.185945;-1.16654;
1;-1;1.0;2.494114;-0.112979;-1.15573;
1;-1;1.0;2.30475;-0.030754;-1.147198;
1;-1;1.0;2.119066;0.06145;-1.141664;
1;0;1.0;1.929286;0.05831;-1.138524;
1;0;1.0;1.735332;0.05805;-1.138264;
1;0;1.0;1.5372;0.061328;-1.141542;
1;1;1.0;1.33752;0.058994;-1.146189;
0;1;1.0;1.137742;0.049243;-1.150401;
0;1;1.0;0.93783;0.031219;-1.153321;
-1;1;0.97;0.743831;0.003421;-1.153664;
-1;1;0.94;0.55594;-0.036031;-1.14978;
-1;1;0.91;0.374587;-0.089756;-1.139295;
-1;1;0.88;0.200338;-0.161095;-1.11913;
-1;1;0.85;0.034166;-0.254662;-1.084949;
-1;1;0.82;12.948404;1.680094;-2.109236;
-1;1;0.79;12.961771;1.614696;-2.120575;
-1;1;0.76;12.967105;1.539679;-2.131482;
0;1;0.76;12.964116;1.455403;-2.142316;
0;1;0.76;12.95279;1.361772;-2.152979;
1;1;0.78;12.933053;1.259167;-2.163621;
1;1;0.8;12.904862;1.147636;-2.174062;
1;1;0.82;12.868057;1.027171;-2.184083;
1;1;0.84;12.82235;0.897747;-2.193456;
1;1;0.86;12.76748;0.759569;-2.202193;
1;1;0.88;12.703207;0.612833;-2.210305;
1;1;0.9;12.62931;0.457724;-2.217801;
1;1;0.92;12.545588;0.294416;-2.224688;
1;1;0.94;12.45186;0.123077;-2.230969;
1;1;0.96;12.34796;-0.056139;-2.236646;
1;1;0.98;12.233741;-0.243083;-2.241719;
1;1;1.0;12.10907;-0.437616;-2.246183;
1;0;1.0;11.973833;-0.433767;-2.250033;
1;0;1.0;11.827931;-0.430542;-2.253258;
1;0;1.0;11.67128;-0.427955;-2.255845;
1;0;1.0;11.503813;-0.426023;-2.257776;
1;0;1.0;11.330955;-0.424811;-2.258988;
1;0;1.0;11.15715;-0.424384;-2.259416;
1;-1;1.0;10.9817;-0.417787;-2.259031;
1;-1;1.0;10.803954;-0.405053;-2.257802;
1;-1;1.0;10.62334;-0.386217;-2.255695;
1;-1;1.0;10.439388;-0.361316;-2.252671;
1;-1;1.0;10.251766;-0.330396;-2.248684;
1;-1;1.0;10.060309;-0.293507;-2.243685;
1;-1;1.0;9.866372;-0.249095;-2.239227;
1;-1;1.0;9.670115;-0.196908;-2.235564;
1;0;1.0;9.474053;-0.200644;-2.231828;
1;0;1.0;9.278142;-0.204522;-2.22795;
1;0;1.0;9.082392;-0.208551;-2.223922;
1;0;1.0;8.886813;-0.212739;-2.219733;
1;-1;1.0;8.691117;-0.209974;-2.215517;
1;-1;1.0;8.495027;-0.200114;-2.211415;
1;-1;1.0;8.298297;-0.183003;-2.207581;
1;-1;1.0;8.10075;-0.158472;-2.204187;
1;-1;1.0;7.902309;-0.126335;-2.201418;
1;0;1.0;7.703939;-0.12923;-2.198523;
1;0;1.0;7.505646;-0.13226;-2.195492;
1;0;1.0;7.307434;-0.135435;-2.192318;
1;0;1.0;7.109311;-0.138765;-2.188988;
1;-1;1.0;6.911089;-0.135106;-2.185666;
1;-1;1.0;6.712592;-0.124277;-2.182532;
1;-1;1.0;6.513687;-0.106078;-2.179786;
1;0;1.0;6.314842;-0.108973;-2.176891;
1;0;1.0;6.116062;-0.11203;-2.173835;
1;0;1.0;5.917352;-0.115262;-2.170602;
1;0;1.0;5.718718;-0.118686;-2.167179;
1;0;1.0;5.520168;-0.122318;-2.163547;
1;0;1.0;5.32171;-0.126178;-2.159687;
1;0;1.0;5.123351;-0.130288;-2.155576;
1;-1;1.0;4.924921;-0.127459;-2.151424;
1;-1;1.0;4.726252;-0.117452;-2.147469;
1;-1;1.0;4.527217;-0.099995;-2.143982;
1;-1;1.0;4.327755;-0.074772;-2.141279;
1;0;1.0;4.128336;-0.077686;-2.138366;
1;0;1.0;3.928964;-0.080835;-2.135217;
1;0;1.0;3.729644;-0.084249;-2.131802;
1;0;1.0;3.530385;-0.087964;-2.128087;
1;0;1.0;3.331194;-0.092021;-2.124031;
1;0;1.0;3.132081;-0.096469;-2.119583;
1;0;1.0;2.933058;-0.101366;-2.114685;
1;0;1.0;2.734139;-0.106786;-2.109265;
1;0;1.0;2.535343;-0.112816;-2.103235;
1;0;1.0;2.33669;-0.119564;-2.096488;
1;0;1.0;2.138209;-0.127166;-2.088886;
1;0;1.0;1.939933;-0.135793;-2.080258;
1;0;1.0;1.741908;-0.145668;-2.070383;
1;0;1.0;1.544192;-0.157079;-2.058972;
1;0;1.0;1.346863;-0.170411;-2.045641;
1;1;1.0;1.150291;-0.193806;-2.029227;
1;1;1.0;0.955027;-0.228872;-2.008123;
1;1;1.0;0.76193;-0.277883;-1.980057;
1;1;1.0;0.572362;-0.344112;-1.941753;
1;1;1.0;0.38853;-0.432339;-1.888432;
1;1;1.0;0.214041;-0.549526;-1.813133;
1;1;1.0;0.054827;-0.705407;-1.706121;
1;1;1.0;2.858844;0.433506;-2.308457;
1;1;1.0;2.674935;0.390915;-2.328699;
1;1;1.0;2.489553;0.340328;-2.347924;
1;1;1.0;2.303366;0.281272;-2.365663;
1;1;1.0;2.117155;0.213084;-2.38125;
1;1;1.0;1.93123;0.13507;-2.393994;
1;1;1.0;1.745142;0.046653;-2.403315;
1;1;1.0;1.55855;-0.052909;-2.408474;
1;1;1.0;1.371255;-0.164594;-2.408489;
1;0;1.0;1.183267;-0.171044;-2.402039;
1;0;1.0;0.993314;-0.184949;-2.388135;
1;0;1.0;0.797101;-0.205416;-2.367667;
1;0;1.0;0.601826;-0.230886;-2.342197;
1;0;1.0;0.407877;-0.263401;-2.309682;
1;1;1.0;0.216317;-0.314316;-2.265749;
1;1;1.0;0.029019;-0.390984;-2.203044;
1;1;1.0;5.714959;0.417755;-3.032727;
1;1;1.0;5.530407;0.401469;-3.044366;
1;1;1.0;5.344099;0.377862;-3.055665;
1;1;1.0;5.155634;0.346686;-3.066377;
1;1;1.0;4.964727;0.307656;-3.076216;
1;1;1.0;4.77122;0.260528;-3.084939;
1;1;1.0;4.575128;0.205201;-3.092444;
1;0;1.0;4.379478;0.212777;-3.10002;
1;0;1.0;4.184161;0.220924;-3.108167;
1;0;1.0;3.989214;0.229709;-3.116951;
1;0;1.0;3.794684;0.239206;-3.126449;
1;0;1.0;3.600623;0.249507;-3.136749;
1;1;1.0;3.406737;0.253425;3.135537;
1;1;1.0;3.212711;0.250723;3.124276;
1;1;1.0;3.018226;0.241115;3.112939;
1;1;1.0;2.822988;0.224259;3.10187;
1;1;1.0;2.626758;0.199733;3.091491;
1;1;1.0;2.429389;0.167012;3.082323;
1;1;1.0;2.230869;0.125439;3.075027;
1;0;1.0;2.032544;0.13369;3.066776;
1;0;1.0;1.834454;0.143096;3.05737;
1;0;1.0;1.636652;0.153913;3.046553;
1;0;1.0;1.439209;0.166484;3.033982;
1;0;1.0;1.242219;0.181266;3.0192;
1;0;1.0;1.045814;0.19889;3.001576;
1;0;1.0;0.850178;0.22025;2.980216;
1;1;1.0;0.655251;0.238846;2.954639;
1;1;1.0;0.460968;0.255414;2.924108;
1;1;1.0;0.267292;0.271144;2.887434;
1;1;1.0;0.074259;0.28807;2.842583;
1;1;1.0;1.843455;0.062432;-1.317116;
1;1;1.0;1.643501;0.022098;-1.31867;
1;1;1.0;1.443578;-0.028962;-1.316479;
1;1;1.0;1.244463;-0.09191;-1.309381;
1;1;1.0;1.047367;-0.16821;-1.295913;
1;1;1.0;0.854026;-0.259889;-1.274047;
1;1;1.0;0.666883;-0.369745;-1.240986;
1;1;1.0;0.489337;-0.501554;-1.192953;
1;1;1.0;0.326111;-0.660147;-1.125117;
1;1;1.0;0.182247;-0.851132;-1.031871;
1;1;1.0;0.063914;-1.079826;-0.907897;
