[mass=10.0;maxForwardSpeed=10.0;maxBackwardSpeed=0.0;turnRange=0.349066;brakePower=0.3;enginePower=0.2;steeringPower=0.2]
1;0;0.02;7.806902;0.0;2.417675;
1;0;0.04;7.798902;0.0;2.417675;
1;0;0.06;7.786902;0.0;2.417675;
1;0;0.08;7.770902;0.0;2.417675;
1;0;0.1;7.750902;0.0;2.417675;
1;0;0.12;7.726902;0.0;2.417675;
1;0;0.14;7.698902;0.0;2.417675;
1;0;0.16;7.666902;0.0;2.417675;
1;0;0.18;7.630902;0.0;2.417675;
1;0;0.2;7.590902;0.0;2.417675;
1;0;0.22;7.546902;0.0;2.417675;
1;0;0.24;7.498902;0.0;2.417675;
1;0;0.26;7.446902;0.0;2.417675;
1;0;0.28;7.390902;0.0;2.417675;
1;0;0.3;7.330902;0.0;2.417675;
1;0;0.32;7.266902;0.0;2.417675;
1;0;0.34;7.198902;0.0;2.417675;
1;0;0.36;7.126902;0.0;2.417675;
1;0;0.38;7.050902;0.0;2.417675;
1;0;0.4;6.970902;0.0;2.417675;
1;0;0.42;6.886902;0.0;2.417675;
1;0;0.44;6.798902;0.0;2.417675;
1;0;0.46;6.706902;0.0;2.417675;
1;0;0.48;6.610902;0.0;2.417675;
1;0;0.5;6.510902;0.0;2.417675;
1;0;0.52;6.406902;0.0;2.417675;
1;0;0.54;6.298902;0.0;2.417675;
1;0;0.56;6.186902;0.0;2.417675;
1;0;0.58;6.070902;-0.0;2.417675;
1;0;0.6;5.950902;-0.0;2.417675;
1;0;0.62;5.826902;-0.0;2.417675;
1;0;0.64;5.698902;-0.0;2.417675;
1;0;0.66;5.566902;-0.0;2.417675;
1;0;0.68;5.430902;-0.0;2.417675;
1;0;0.7;5.290902;-0.0;2.417675;
1;0;0.72;5.146902;-0.0;2.417675;
1;0;0.74;4.998902;-0.0;2.417675;
1;0;0.76;4.846902;-0.0;2.417675;
1;0;0.78;4.690902;-0.0;2.417675;
1;0;0.8;4.530902;-0.0;2.417675;
1;0;0.82;4.366902;-0.0;2.417675;
1;0;0.84;4.198902;-0.0;2.417675;
1;0;0.86;4.026902;-0.0;2.417675;
1;0;0.88;3.850902;-0.0;2.417675;
1;0;0.9;3.670902;-0.0;2.417675;
1;0;0.92;3.486902;-0.0;2.417675;
1;0;0.94;3.298902;-0.0;2.417675;
1;0;0.96;3.106902;-0.0;2.417675;
1;0;0.98;2.910902;-0.0;2.417675;
1;0;1.0;2.710902;-0.0;2.417675;
1;0;1.0;2.510902;-0.0;2.417675;
1;0;1.0;2.310902;-0.0;2.417675;
1;0;1.0;2.110902;-0.0;2.417675;
1;0;1.0;1.910902;-0.0;2.417675;
1;0;1.0;1.710902;-0.0;2.417675;
1;0;1.0;1.510902;-0.0;2.417675;
1;0;1.0;1.310902;-0.0;2.417675;
1;-1;1.0;1.110908;0.007643;2.417014;
1;-1;1.0;0.910959;0.023866;2.414753;
1;-1;1.0;0.711183;0.050046;2.409517;
1;-1;1.0;0.511871;0.088276;2.399213;
1;-1;1.0;0.313617;0.14189;2.380504;
1;-1;1.0;0.117582;0.216488;2.347795;
1;-1;1.0;8.447442;-0.454701;-1.035316;
1;-1;1.0;8.263776;-0.407345;-1.026821;
1;-1;1.0;8.076854;-0.352332;-1.019002;
1;-1;1.0;7.887269;-0.289603;-1.011918;
1;-1;1.0;7.695898;-0.219075;-1.005651;
1;-1;1.0;7.503928;-0.140645;-1.000306;
1;-1;1.0;7.312872;-0.054182;-0.996011;
1;0;1.0;7.118722;-0.057515;-0.992679;
1;0;1.0;6.921391;-0.059818;-0.990376;
1;0;1.0;6.721758;-0.061366;-0.988827;
1;0;1.0;6.522144;-0.062997;-0.987197;
1;-1;1.0;6.322467;-0.057544;-0.985668;
1;-1;1.0;6.122662;-0.044805;-0.984444;
1;-1;1.0;5.92272;-0.024551;-0.983755;
1;-1;1.0;5.722722;0.003475;-0.983855;
1;-1;1.0;5.522873;0.039558;-0.985032;
1;-1;1.0;5.323557;0.084019;-0.987605;
1;-1;1.0;5.125378;0.137215;-0.991931;
1;-1;1.0;4.929218;0.199537;-0.998403;
1;0;1.0;4.733323;0.206452;-1.005318;
1;0;1.0;4.537722;0.213855;-1.012721;
1;0;1.0;4.342447;0.2218;-1.020666;
1;0;1.0;4.147534;0.230348;-1.029214;
1;0;1.0;3.953027;0.239567;-1.038433;
1;0;1.0;3.758976;0.249539;-1.048405;
1;0;1.0;3.565438;0.260358;-1.059224;
1;0;1.0;3.372481;0.272133;-1.070999;
1;0;1.0;3.180187;0.284993;-1.083859;
1;0;1.0;2.988651;0.299091;-1.097958;
1;0;1.0;2.797987;0.314608;-1.113474;
1;0;1.0;2.608334;0.331761;-1.130627;
1;1;1.0;2.419386;0.343445;-1.149292;
1;1;1.0;2.230792;0.349513;-1.169323;
0;1;1.0;2.042175;0.349785;-1.190539;
0;1;1.0;1.853147;0.344035;-1.212715;
0;1;1.0;1.663322;0.331977;-1.235562;
-1;1;0.97;1.478037;0.312252;-1.257941;
-1;1;0.94;1.296965;0.284392;-1.279612;
-1;1;0.91;1.11997;0.247861;-1.300284;
-1;1;0.88;0.947133;0.202013;-1.319572;
-1;1;0.85;0.77877;0.146038;-1.336946;
-1;1;0.82;0.61546;0.078886;-1.351657;
-1;1;0.79;0.458062;-0.000837;-1.362634;
-1;1;0.76;0.307743;-0.095024;-1.368333;
-1;1;0.73;0.166022;-0.206262;-1.366545;
-1;1;0.7;0.033942;-0.338025;-1.354204;
0;1;0.7;7.325827;1.213642;2.412653;
0;1;0.7;7.304478;1.088394;2.398532;
1;1;0.72;7.273256;0.952532;2.385328;
1;1;0.74;7.23185;0.806358;2.373003;
1;1;0.76;7.179977;0.650156;2.361519;
1;1;0.78;7.117385;0.48419;2.350848;
1;1;0.8;7.043843;0.308712;2.340964;
1;1;0.82;6.959142;0.123953;2.331847;
1;0;0.84;6.863097;0.132319;2.32348;
1;0;0.86;6.755539;0.139943;2.315856;
1;0;0.88;6.636316;0.14683;2.308969;
1;0;0.9;6.505295;0.152976;2.302823;
1;0;0.92;6.362357;0.158372;2.297427;
1;1;0.94;6.207398;0.155574;2.292798;
1;1;0.96;6.040329;0.144709;2.288964;
1;1;0.98;5.861076;0.125888;2.285962;
1;0;1.0;5.671921;0.129273;2.282577;
1;0;1.0;5.473642;0.133256;2.278595;
1;0;1.0;5.275471;0.13749;2.27436;
1;0;1.0;5.07742;0.142;2.26985;
1;0;1.0;4.879501;0.146814;2.265036;
1;0;1.0;4.681728;0.151964;2.259886;
1;0;1.0;4.484117;0.157485;2.254366;
1;0;1.0;4.286685;0.163418;2.248432;
1;0;1.0;4.089453;0.169811;2.242039;
1;1;1.0;3.892206;0.169457;2.235412;
1;1;1.0;3.694721;0.162092;2.228814;
1;1;1.0;3.496798;0.147405;2.222557;
1;1;1.0;3.29829;0.125026;2.217011;
1;0;1.0;3.099927;0.131109;2.210928;
1;0;1.0;2.901731;0.137811;2.204226;
1;0;1.0;2.703729;0.145229;2.196808;
1;0;1.0;2.505954;0.153485;2.188552;
1;1;1.0;2.308226;0.155329;2.179727;
1;1;1.0;2.110348;0.150426;2.170667;
1;0;1.0;1.912761;0.160716;2.160377;
1;0;1.0;1.715527;0.172502;2.148591;
1;0;1.0;1.518729;0.186132;2.134961;
1;0;1.0;1.322479;0.202069;2.119024;
1;0;1.0;1.126927;0.220942;2.100151;
1;-1;1.0;0.932628;0.251309;2.076765;
1;-1;1.0;0.740414;0.295404;2.046633;
1;-1;1.0;0.551586;0.356459;2.006522;
1;-1;1.0;0.368237;0.439225;1.951681;
1;-1;1.0;0.193797;0.550696;1.875117;
1;-1;1.0;0.033948;0.700829;1.766872;
1;-1;1.0;2.893774;-0.392537;-1.215279;
1;-1;1.0;2.706018;-0.354812;-1.197154;
1;-1;1.0;2.516369;-0.309337;-1.179798;
1;-1;1.0;2.325414;-0.2559;-1.163421;
1;-1;1.0;2.133986;-0.194184;-1.148342;
1;-1;1.0;1.943174;-0.123724;-1.135027;
1;-1;1.0;1.754337;-0.043853;-1.124141;
1;-1;1.0;1.56912;0.04636;-1.116615;
0;0;1.0;1.379622;0.041425;-1.11168;
0;0;1.0;1.185728;0.039726;-1.109981;
-1;1;0.97;0.99184;0.035696;-1.113148;
-1;1;0.94;0.803886;0.023268;-1.115344;
-1;1;0.91;0.621886;0.001081;-1.115453;
-1;1;0.88;0.44597;-0.032696;-1.111906;
-1;1;0.85;0.276458;-0.080605;-1.102439;
-1;1;0.82;0.113985;-0.146291;-1.08371;
-1;1;0.79;12.92833;1.795971;-2.103396;
-1;1;0.76;12.955021;1.741751;-2.114156;
-1;1;0.73;12.973478;1.677621;-2.124569;
0;1;0.73;12.983415;1.60397;-2.135023;
0;1;0.73;12.984875;1.52074;-2.145464;
1;1;0.75;12.977841;1.428387;-2.156089;
1;1;0.77;12.962388;1.327028;-2.166775;
1;1;0.79;12.938507;1.216729;-2.177357;
1;1;0.81;12.90607;1.097499;-2.187628;
1;1;0.83;12.864812;0.969298;-2.19734;
1;1;0.85;12.814444;0.83225;-2.206417;
1;1;0.87;12.754715;0.686555;-2.214871;
1;1;0.89;12.685399;0.532403;-2.222714;
1;1;0.91;12.606285;0.369975;-2.229952;
1;1;0.93;12.517182;0.199442;-2.236591;
1;0;0.95;12.417919;0.205485;-2.242635;
1;0;0.97;12.308338;0.210934;-2.248084;
1;0;0.99;12.1883;0.215787;-2.252936;
1;0;1.0;12.057681;0.220039;-2.257188;
1;0;1.0;11.916373;0.223682;-2.260831;
1;1;1.0;11.764301;0.219738;-2.263869;
1;1;1.0;11.602117;0.20875;-2.266843;
1;1;1.0;11.429659;0.190609;-2.269646;
1;1;1.0;11.246755;0.165203;-2.272166;
1;1;1.0;11.053219;0.13241;-2.274279;
1;1;1.0;10.854051;0.092047;-2.275804;
1;1;1.0;10.654241;0.043918;-2.276545;
1;1;1.0;10.454381;-0.012044;-2.276433;
1;0;1.0;10.254396;-0.012258;-2.276219;
1;0;1.0;10.054411;-0.01248;-2.275997;
1;0;1.0;9.854427;-0.012709;-2.275767;
1;0;1.0;9.654444;-0.012948;-2.275529;
1;0;1.0;9.454461;-0.013196;-2.275281;
1;0;1.0;9.254479;-0.013453;-2.275024;
1;0;1.0;9.054497;-0.013721;-2.274756;
1;0;1.0;8.854516;-0.013999;-2.274478;
1;0;1.0;8.654536;-0.014289;-2.274188;
1;0;1.0;8.454557;-0.014591;-2.273885;
1;0;1.0;8.254579;-0.014907;-2.27357;
1;0;1.0;8.054602;-0.015236;-2.273241;
1;0;1.0;7.854625;-0.01558;-2.272897;
1;0;1.0;7.65465;-0.01594;-2.272537;
1;0;1.0;7.454676;-0.016317;-2.27216;
1;0;1.0;7.254703;-0.016713;-2.271764;
1;0;1.0;7.054732;-0.017127;-2.271349;
1;0;1.0;6.854762;-0.017564;-2.270913;
1;0;1.0;6.654794;-0.018022;-2.270454;
1;0;1.0;6.454827;-0.018506;-2.269971;
1;0;1.0;6.254862;-0.019016;-2.269461;
1;0;1.0;6.0549;-0.019555;-2.268922;
1;0;1.0;5.854939;-0.020126;-2.268351;
1;1;1.0;5.655015;-0.027921;-2.267537;
1;1;1.0;5.455195;-0.043181;-2.266239;
1;0;1.0;5.255388;-0.044562;-2.264859;
1;0;1.0;5.055593;-0.046033;-2.263388;
1;0;1.0;4.855812;-0.047604;-2.261816;
1;0;1.0;4.656047;-0.049287;-2.260134;
1;0;1.0;4.456298;-0.051093;-2.258328;
1;1;1.0;4.256648;-0.060283;-2.256119;
1;1;1.0;4.057221;-0.077179;-2.253186;
1;1;1.0;3.858223;-0.102156;-2.249153;
1;0;1.0;3.65931;-0.106533;-2.244775;
1;0;1.0;3.460495;-0.111301;-2.240008;
1;0;1.0;3.26179;-0.116513;-2.234795;
1;0;1.0;3.063212;-0.122235;-2.229073;
1;0;1.0;2.864782;-0.128545;-2.222763;
1;0;1.0;2.666521;-0.135538;-2.215771;
1;0;1.0;2.468461;-0.14333;-2.207979;
1;0;1.0;2.270637;-0.152064;-2.199244;
1;0;1.0;2.073094;-0.161923;-2.189386;
1;0;1.0;1.875891;-0.173135;-2.178174;
1;0;1.0;1.679102;-0.185995;-2.165313;
1;0;1.0;1.482827;-0.200892;-2.150416;
1;0;1.0;1.287198;-0.218342;-2.132967;
1;0;1.0;1.092395;-0.239048;-2.112261;
1;0;1.0;0.898673;-0.263992;-2.087317;
1;0;1.0;0.7064;-0.29458;-2.056729;
1;0;1.0;0.516127;-0.332889;-2.018419;
1;1;1.0;0.329241;-0.390051;-1.968239;
1;1;1.0;0.148038;-0.472551;-1.899702;
1;1;1.0;3.096934;0.514284;-2.315053;
1;1;1.0;2.921241;0.5102;-2.338895;
1;1;1.0;2.744528;0.499737;-2.363338;
1;1;1.0;2.566223;0.482641;-2.38813;
1;1;1.0;2.385789;0.458602;-2.41296;
1;1;1.0;2.202931;0.427277;-2.437486;
1;1;1.0;2.018024;0.388375;-2.461416;
1;1;1.0;1.831492;0.341448;-2.484302;
1;1;1.0;1.643806;0.285832;-2.50548;
1;1;1.0;1.455081;0.220784;-2.524208;
1;1;1.0;1.264735;0.145732;-2.539913;
1;1;1.0;1.072254;0.059891;-2.55181;
1;1;1.0;0.877231;-0.037867;-2.558773;
1;1;1.0;0.679412;-0.149225;-2.559115;
1;1;1.0;0.478803;-0.27684;-2.550183;
1;0;1.0;0.275861;-0.299476;-2.527546;
1;0;1.0;0.075624;-0.341066;-2.485957;
1;0;1.0;5.927284;0.229816;-3.056839;
1;0;1.0;5.732697;0.236583;-3.063606;
1;0;1.0;5.538436;0.243752;-3.070775;
1;0;1.0;5.344532;0.25136;-3.078383;
1;0;1.0;5.151018;0.259448;-3.08647;
1;0;1.0;4.957932;0.26806;-3.095082;
1;0;1.0;4.765318;0.277248;-3.10427;
1;0;1.0;4.573225;0.28707;-3.114093;
1;1;1.0;4.381303;0.290363;-3.124367;
1;1;1.0;4.189181;0.286919;-3.134885;
1;1;1.0;3.99649;0.276496;3.137778;
1;1;1.0;3.802889;0.258816;3.127534;
1;1;1.0;3.608096;0.233546;3.117896;
1;1;1.0;3.411922;0.200294;3.109261;
1;0;1.0;3.216108;0.209732;3.099823;
1;0;1.0;3.020707;0.220088;3.089467;
1;0;1.0;2.82578;0.231501;3.078054;
1;0;1.0;2.631405;0.244138;3.065417;
1;0;1.0;2.437676;0.258202;3.051353;
1;0;1.0;2.244708;0.273941;3.035614;
1;0;1.0;2.052645;0.291666;3.017889;
1;0;1.0;1.86167;0.311764;2.997791;
1;0;1.0;1.672015;0.334726;2.974829;
1;0;1.0;1.483984;0.361179;2.948376;
1;0;1.0;1.297975;0.391939;2.917616;
1;0;1.0;1.114522;0.428076;2.881478;
1;0;1.0;0.934351;0.471011;2.838544;
1;1;1.0;0.75778;0.514974;2.787599;
1;1;1.0;0.585274;0.561645;2.726966;
1;1;1.0;0.417548;0.613389;2.654278;
1;1;1.0;0.255729;0.673588;2.566153;
1;1;1.0;0.101624;0.747123;2.457712;
1;1;1.0;1.744779;0.279339;-1.466822;
1;1;1.0;1.550477;0.248384;-1.484737;
1;1;1.0;1.354815;0.209257;-1.501459;
1;1;1.0;1.158251;0.161558;-1.516592;
1;1;1.0;0.961486;0.104664;-1.529512;
1;1;1.0;0.765501;0.037598;-1.539241;
1;1;1.0;0.571588;-0.04119;-1.544228;
1;1;1.0;0.381427;-0.134179;-1.541996;
1;1;1.0;0.197222;-0.245376;-1.528537;
1;1;1.0;0.019971;-0.380717;-1.497917;
0;1;1.0;7.740909;1.054529;2.514404;
0;1;1.0;7.677015;0.954484;2.495767;
-1;1;0.97;7.603656;0.846749;2.477623;
-1;1;0.94;7.520538;0.731148;2.459917;
0;1;0.94;7.427397;0.607737;2.442594;
0;1;0.94;7.323992;0.476572;2.425599;
0;1;0.94;7.210105;0.33771;2.408874;
1;1;0.96;7.085542;0.191363;2.39236;
1;1;0.98;6.950126;0.037744;2.375997;
1;1;1.0;6.816722;-0.123685;2.360461;
1;1;1.0;6.690132;-0.293287;2.346117;
1;0;1.0;6.569866;-0.280229;2.333059;
1;0;1.0;6.4481;-0.268061;2.320891;
1;0;1.0;6.322937;-0.256708;2.309538;
1;0;1.0;6.194123;-0.246193;2.299023;
1;0;1.0;6.061419;-0.236544;2.289374;
1;0;1.0;5.924607;-0.227794;2.280624;
1;0;1.0;5.783486;-0.21998;2.27281;
1;0;1.0;5.637878;-0.213146;2.265976;
1;0;1.0;5.487624;-0.207342;2.260172;
1;-1;1.0;5.331788;-0.195575;2.255386;
1;-1;1.0;5.169483;-0.177835;2.251609;
1;-1;1.0;4.999891;-0.154119;2.248837;
1;-1;1.0;4.822274;-0.124435;2.247079;
1;-1;1.0;4.636001;-0.088811;2.24636;
1;-1;1.0;4.440567;-0.047294;2.246732;
1;-1;1.0;4.240567;0.001635;2.246672;
1;0;1.0;4.040567;0.0017;2.246607;
1;0;1.0;3.840568;0.00177;2.246536;
1;0;1.0;3.640568;0.001847;2.24646;
1;0;1.0;3.440568;0.00193;2.246377;
1;0;1.0;3.240569;0.002021;2.246286;
1;0;1.0;3.040569;0.002121;2.246186;
1;0;1.0;2.84057;0.002231;2.246075;
1;-1;1.0;2.640578;0.009719;2.245569;
1;-1;1.0;2.440638;0.025058;2.244193;
1;-1;1.0;2.240862;0.04884;2.241355;
1;-1;1.0;2.04149;0.081808;2.236312;
1;0;1.0;1.842206;0.087558;2.230562;
1;0;1.0;1.64303;0.094175;2.223945;
1;0;1.0;1.443989;0.101871;2.216249;
1;-1;1.0;1.245277;0.118529;2.206572;
1;-1;1.0;1.047201;0.145398;2.193666;
1;-1;1.0;0.850258;0.184241;2.175767;
1;-1;1.0;0.655278;0.237612;2.150321;
1;-1;1.0;0.463649;0.309306;2.113534;
1;-1;1.0;0.277711;0.405069;2.059659;
1;-1;1.0;0.101462;0.533645;1.979952;
1;-1;1.0;8.125888;-0.473204;-1.060518;
1;-1;1.0;7.943714;-0.419641;-1.051249;
1;-1;1.0;7.758059;-0.358434;-1.042642;
1;-1;1.0;7.569651;-0.28952;-1.034762;
1;-1;1.0;7.379538;-0.212813;-1.027693;
1;-1;1.0;7.1891;-0.128202;-1.021546;
1;0;1.0;6.995956;-0.13345;-1.016299;
1;0;1.0;6.799973;-0.137737;-1.012012;
1;0;1.0;6.601917;-0.141349;-1.008399;
1;-1;1.0;6.403768;-0.137987;-1.00478;
1;-1;1.0;6.205347;-0.127458;-1.001347;
1;-1;1.0;6.006512;-0.109549;-0.998312;
1;-1;1.0;5.807198;-0.084019;-0.995917;
1;-1;1.0;5.607446;-0.050598;-0.994431;
1;-1;1.0;5.407454;-0.008982;-0.994159;
1;-1;1.0;5.207618;0.041172;-0.995443;
1;-1;1.0;5.008686;0.100199;-0.998621;
1;0;1.0;4.809723;0.103643;-1.002064;
1;0;1.0;4.610835;0.107331;-1.005752;
1;0;1.0;4.412028;0.11129;-1.009711;
1;0;1.0;4.213312;0.11555;-1.013971;
1;0;1.0;4.014699;0.120149;-1.01857;
1;0;1.0;3.816201;0.125126;-1.023547;
1;0;1.0;3.617832;0.130531;-1.028952;
1;0;1.0;3.41961;0.136421;-1.034842;
1;0;1.0;3.221556;0.142864;-1.041286;
1;0;1.0;3.023694;0.149941;-1.048363;
1;0;1.0;2.826055;0.15775;-1.056171;
1;0;1.0;2.628674;0.166409;-1.06483;
1;0;1.0;2.431597;0.176063;-1.074484;
1;0;1.0;2.234878;0.186892;-1.085313;
1;1;1.0;2.038317;0.19169;-1.097093;
0;1;1.0;1.841687;0.190171;-1.109536;
0;1;1.0;1.644759;0.181963;-1.122272;
0;1;1.0;1.447319;0.166577;-1.134811;
-1;1;0.97;1.255137;0.142731;-1.146087;
-1;1;0.94;1.068165;0.109273;-1.155179;
-1;1;0.91;0.886433;0.065003;-1.161131;
-1;1;0.88;0.710135;0.008639;-1.162921;
-1;1;0.85;0.539779;-0.061492;-1.159158;
-1;1;0.82;0.376254;-0.147604;-1.147927;
-1;1;0.79;0.220937;-0.252667;-1.126583;
-1;1;0.76;0.075838;-0.380645;-1.09151;
-1;1;0.73;7.060157;1.465934;2.407364;
0;1;0.73;7.053076;1.371185;2.390081;
0;1;0.73;7.037256;1.266229;2.373442;
1;1;0.75;7.01255;1.151447;2.357321;
1;1;0.77;6.978059;1.026732;2.342065;
1;1;0.79;6.93345;0.892365;2.327625;
1;1;0.81;6.878423;0.748609;2.313956;
1;1;0.83;6.812704;0.595713;2.301014;
1;1;0.85;6.736044;0.433913;2.288763;
1;1;0.87;6.648215;0.263433;2.277168;
1;1;0.89;6.54901;0.084482;2.266199;
1;1;0.91;6.438242;-0.102738;2.255829;
1;1;0.93;6.315736;-0.298041;2.246033;
1;0;0.95;6.181336;-0.2888;2.236793;
1;0;0.97;6.034897;-0.280099;2.228092;
1;0;0.99;5.881659;-0.272196;2.220188;
1;0;1.0;5.723976;-0.265252;2.213245;
1;0;1.0;5.563233;-0.259407;2.2074;
1;0;1.0;5.399282;-0.254736;2.202729;
1;-1;1.0;5.23126;-0.244299;2.199273;
1;-1;1.0;5.058361;-0.228144;2.197081;
1;-1;1.0;4.879856;-0.206336;2.196217;
1;-1;1.0;4.695123;-0.178957;2.196763;
1;-1;1.0;4.503669;-0.146117;2.19883;
1;-1;1.0;4.305164;-0.107962;2.202563;
1;-1;1.0;4.105526;-0.061406;2.204876;
1;-1;1.0;3.905406;-0.005852;2.205172;
1;0;1.0;3.705409;-0.006101;2.205421;
1;0;1.0;3.505413;-0.006372;2.205692;
1;0;1.0;3.305417;-0.006667;2.205988;
1;0;1.0;3.105422;-0.006992;2.206312;
1;0;1.0;2.905427;-0.00735;2.20667;
1;0;1.0;2.705433;-0.007747;2.207067;
1;-1;1.0;2.505433;-0.000809;2.207111;
1;0;1.0;2.305433;-0.000858;2.20716;
1;0;1.0;2.105433;-0.000914;2.207215;
1;0;1.0;1.905433;-0.000977;2.207278;
1;-1;1.0;1.705437;0.006449;2.206834;
1;-1;1.0;1.505482;0.02204;2.205205;
1;-1;1.0;1.305683;0.046712;2.201478;
1;-1;1.0;1.106292;0.081718;2.194397;
1;-1;1.0;0.907793;0.128823;2.182198;
1;-1;1.0;0.711037;0.190569;2.16234;
1;-1;1.0;0.517485;0.2707;2.131078;
1;-1;1.0;0.329112;0.374095;2.083534;
1;-1;1.0;0.149147;0.507824;2.012637;
1;-1;1.0;3.179261;-0.327472;-1.20664;
1;-1;1.0;2.99058;-0.26613;-1.191188;
1;-1;1.0;2.801488;-0.196645;-1.176897;
1;-1;1.0;2.613286;-0.118653;-1.164132;
1;-1;1.0;2.427568;-0.031646;-1.1534;
1;-1;1.0;2.246227;0.065053;-1.14538;
1;0;1.0;2.060924;0.059048;-1.139375;
1;0;1.0;1.871517;0.055422;-1.135749;
1;0;1.0;1.677917;0.054665;-1.134992;
1;0;1.0;1.480105;0.057443;-1.13777;
0;1;1.0;1.280382;0.054886;-1.142194;
0;1;1.0;1.080566;0.044856;-1.146126;
-1;1;0.97;0.886626;0.026132;-1.148563;
-1;1;0.94;0.698627;-0.002726;-1.148291;
-1;1;0.91;0.516781;-0.043662;-1.143615;
-1;1;0.88;0.341549;-0.099365;-1.132103;
-1;1;0.85;0.173575;-0.173308;-1.110565;
-1;1;0.82;0.013894;-0.270157;-1.074635;
-1;1;0.79;12.945328;1.674274;-2.110453;
-1;1;0.76;12.956722;1.606245;-2.121367;
0;1;0.76;12.959766;1.529022;-2.132271;
0;1;0.76;12.95449;1.442528;-2.143092;
1;1;0.78;12.940836;1.34718;-2.154007;
1;1;0.8;12.918845;1.243051;-2.16487;
1;1;0.82;12.888454;1.130168;-2.175492;
1;1;0.84;12.849471;1.008504;-2.185643;
1;1;0.86;12.801607;0.878077;-2.19515;
1;1;0.88;12.744595;0.739086;-2.204026;
1;1;0.9;12.678193;0.591717;-2.212281;
1;1;0.92;12.602179;0.436147;-2.219924;
1;1;0.94;12.516349;0.272546;-2.226962;
1;1;0.96;12.420516;0.101071;-2.233399;
1;1;0.98;12.314514;-0.078126;-2.239237;
1;0;1.0;12.198191;-0.072888;-2.244475;
1;0;1.0;12.071413;-0.068252;-2.249111;
1;0;1.0;11.93406;-0.064226;-2.253137;
1;0;1.0;11.78603;-0.060819;-2.256544;
1;0;1.0;11.627236;-0.058043;-2.259319;
1;0;1.0;11.457605;-0.055917;-2.261446;
1;0;1.0;11.277084;-0.054461;-2.262902;
1;0;1.0;11.085634;-0.0537;-2.263663;
1;0;1.0;10.887004;-0.0537;-2.263663;
1;0;1.0;10.687377;-0.05455;-2.262812;
1;0;1.0;10.487679;-0.0555;-2.261863;
1;0;1.0;10.287993;-0.056483;-2.26088;
1;0;1.0;10.088318;-0.057501;-2.259862;
1;0;1.0;9.888654;-0.058556;-2.258807;
1;-1;1.0;9.688925;-0.05254;-2.257842;
1;-1;1.0;9.489077;-0.039312;-2.257107;
1;-1;1.0;9.289111;-0.018725;-2.25675;
1;0;1.0;9.089147;-0.019097;-2.256378;
1;0;1.0;8.889184;-0.019483;-2.255992;
1;0;1.0;8.689223;-0.019885;-2.25559;
1;0;1.0;8.489263;-0.020304;-2.255171;
1;0;1.0;8.289305;-0.020741;-2.254734;
1;-1;1.0;8.089325;-0.014063;-2.254431;
1;-1;1.0;7.889325;-0.000102;-2.254429;
1;-1;1.0;7.689369;0.021321;-2.254909;
1;0;1.0;7.489416;0.021824;-2.255411;
1;0;1.0;7.289464;0.02235;-2.255937;
1;0;1.0;7.089516;0.022903;-2.25649;
1;0;1.0;6.889569;0.023483;-2.25707;
1;0;1.0;6.689626;0.024094;-2.257681;
1;0;1.0;6.489685;0.024737;-2.258324;
1;0;1.0;6.289748;0.025416;-2.259003;
1;0;1.0;6.089815;0.026133;-2.25972;
1;0;1.0;5.889885;0.026891;-2.260478;
1;0;1.0;5.68996;0.027695;-2.261282;
1;0;1.0;5.490039;0.028548;-2.262136;
1;0;1.0;5.290123;0.029456;-2.263043;
1;0;1.0;5.090212;0.030423;-2.26401;
1;0;1.0;4.890308;0.031456;-2.265043;
1;0;1.0;4.69041;0.032562;-2.266149;
1;0;1.0;4.49052;0.033747;-2.267334;
1;0;1.0;4.290638;0.035023;-2.26861;
1;0;1.0;4.090766;0.036399;-2.269986;
1;0;1.0;3.890904;0.037887;-2.271474;
1;0;1.0;3.691053;0.039502;-2.273089;
1;0;1.0;3.491216;0.04126;-2.274847;
1;0;1.0;3.291395;0.043183;-2.27677;
1;0;1.0;3.09159;0.045293;-2.27888;
1;0;1.0;2.891806;0.047619;-2.281207;
1;0;1.0;2.692045;0.050198;-2.283785;
1;0;1.0;2.492311;0.053072;-2.286659;
1;0;1.0;2.29261;0.056294;-2.289881;
1;0;1.0;2.092947;0.059932;-2.293519;
1;0;1.0;1.893331;0.064072;-2.297659;
1;1;1.0;1.693681;0.061328;-2.301896;
1;1;1.0;1.493923;0.051162;-2.305693;
1;1;1.0;1.294022;0.032852;-2.308327;
1;1;1.0;1.094025;0.005397;-2.308798;
1;1;1.0;0.894121;-0.032625;-2.305682;
1;1;1.0;0.694742;-0.083298;-2.296897;
1;1;1.0;0.496718;-0.149778;-2.279286;
1;1;1.0;0.301631;-0.23648;-2.248435;
1;1;1.0;0.11217;-0.350137;-2.19761;
1;1;1.0;3.318762;0.338248;-2.363381;
1;1;1.0;3.1322;0.275453;-2.37738;
1;1;1.0;2.945407;0.203585;-2.389288;
1;1;1.0;2.758602;0.122159;-2.398618;
1;1;1.0;2.571441;0.030772;-2.40497;
1;1;1.0;2.383681;-0.071067;-2.407851;
1;1;1.0;2.195207;-0.183968;-2.406651;
1;1;1.0;2.006078;-0.3087;-2.400601;
1;0;1.0;1.816578;-0.320579;-2.388722;
1;0;1.0;1.627303;-0.339551;-2.36975;
1;0;1.0;1.439632;-0.366859;-2.342442;
1;0;1.0;1.254082;-0.39869;-2.310611;
1;0;1.0;1.071224;-0.436185;-2.273116;
1;0;1.0;0.891837;-0.480864;-2.228437;
1;0;1.0;0.717012;-0.534768;-2.174533;
1;0;1.0;0.548294;-0.600648;-2.108653;
1;0;1.0;0.38791;-0.682181;-2.02712;
1;-1;1.0;0.238121;-0.77634;-1.925979;
1;-1;1.0;0.102172;-0.888032;-1.800325;
1;-1;1.0;5.388744;0.319869;-2.987282;
1;0;1.0;5.199208;0.330013;-2.997427;
1;0;1.0;5.010349;0.340797;-3.00821;
1;0;1.0;4.822235;0.352278;-3.019692;
1;1;1.0;4.634447;0.357312;-3.031707;
1;1;1.0;4.446537;0.355711;-3.044069;
1;1;1.0;4.25805;0.347265;-3.056566;
1;1;1.0;4.06855;0.331728;-3.068954;
1;1;1.0;3.877647;0.308814;-3.080947;
1;1;1.0;3.685027;0.278186;-3.092207;
1;1;1.0;3.490493;0.239441;-3.102332;
1;1;1.0;3.293984;0.192285;-3.111026;
1;1;1.0;3.095663;0.136527;-3.118099;
1;1;1.0;2.895997;0.071933;-3.123319;
1;0;1.0;2.696542;0.075822;-3.127207;
1;0;1.0;2.497149;0.080154;-3.131539;
1;0;1.0;2.29783;0.085009;-3.136395;
1;0;1.0;2.098599;0.09049;3.14131;
1;0;1.0;1.899474;0.096723;3.135076;
1;0;1.0;1.700478;0.103876;3.127924;
1;0;1.0;1.501642;0.112165;3.119634;
1;0;1.0;1.303007;0.121886;3.109914;
1;0;1.0;1.104631;0.13344;3.09836;
1;0;1.0;0.906595;0.147397;3.084403;
1;0;1.0;0.709016;0.164584;3.067215;
1;0;1.0;0.512074;0.186257;3.045542;
1;0;1.0;0.316054;0.214403;3.017396;
1;0;1.0;0.121441;0.252357;2.979443;
1;1;1.0;1.914135;0.15111;-1.276722;
0;1;1.0;1.716151;0.147214;-1.286789;
0;1;1.0;1.517869;0.136274;-1.296792;
-1;1;0.97;1.325096;0.117138;-1.305797;
-1;1;0.94;1.137776;0.088735;-1.312963;
-1;1;0.91;0.955982;0.049727;-1.317195;
-1;1;0.88;0.779982;-0.001589;-1.317052;
-1;1;0.85;0.610331;-0.067409;-1.310618;
-1;1;0.82;0.447999;-0.150588;-1.295339;
-1;1;0.79;0.294569;-0.254639;-1.268026;
-1;1;0.76;0.152161;-0.384076;-1.224513;
-1;1;0.73;0.022981;-0.544585;-1.159491;
0;1;0.73;7.40901;1.237522;2.51262;
0;1;0.73;7.353787;1.138461;2.497067;
1;1;0.75;7.288116;1.029496;2.48211;
1;1;0.77;7.21174;0.910915;2.467702;
1;1;0.79;7.124423;0.782994;2.453797;
1;1;0.81;7.02595;0.645994;2.440352;
1;1;0.83;6.916126;0.500166;2.427324;
1;1;0.85;6.79477;0.34575;2.414671;
1;1;0.87;6.661718;0.182976;2.402352;
1;0;0.89;6.516822;0.195004;2.390323;
1;0;0.91;6.359943;0.206785;2.378543;
1;0;0.93;6.196471;0.218026;2.367301;
1;1;0.95;6.026514;0.221356;2.356623;
1;1;0.97;5.85017;0.216898;2.346535;
1;1;0.99;5.667613;0.204754;2.337081;
1;1;1.0;5.480853;0.184808;2.328448;
1;1;1.0;5.291956;0.156827;2.320868;
1;1;1.0;5.101363;0.120671;2.314482;
1;1;1.0;4.909682;0.076163;2.309467;
1;0;1.0;4.713589;0.079959;2.305672;
1;0;1.0;4.514251;0.082855;2.302775;
1;0;1.0;4.314963;0.08597;2.299661;
1;0;1.0;4.115731;0.089327;2.296304;
1;0;1.0;3.91656;0.092955;2.292675;
1;0;1.0;3.71746;0.096891;2.28874;
1;0;1.0;3.51844;0.101173;2.284458;
1;0;1.0;3.31951;0.105849;2.279781;
1;0;1.0;3.120683;0.110977;2.274653;
1;0;1.0;2.921976;0.116625;2.269006;
1;0;1.0;2.723408;0.122875;2.262755;
1;0;1.0;2.525001;0.129829;2.255801;
1;0;1.0;2.326785;0.137612;2.248018;
1;0;1.0;2.128796;0.146381;2.239249;
1;0;1.0;1.93108;0.156334;2.229296;
1;0;1.0;1.733696;0.167725;2.217905;
1;0;1.0;1.536723;0.180888;2.204743;
1;0;1.0;1.340262;0.196263;2.189368;
1;0;1.0;1.144457;0.214451;2.17118;
1;0;1.0;0.949503;0.236285;2.149346;
1;0;1.0;0.755684;0.262955;2.122676;
1;-1;1.0;0.563836;0.304047;2.088565;
1;-1;1.0;0.375287;0.363496;2.043078;
1;-1;1.0;0.192247;0.447395;1.980123;
1;-1;1.0;0.018538;0.5653;1.890143;
1;-1;1.0;8.011384;-0.557244;-1.055574;
1;-1;1.0;7.83791;-0.52651;-1.044421;
1;-1;1.0;7.660782;-0.488256;-1.033805;
1;-1;1.0;7.479901;-0.442403;-1.023808;
1;-1;1.0;7.295529;-0.388907;-1.014472;
1;-1;1.0;7.108188;-0.327705;-1.00586;
1;-1;1.0;6.918687;-0.258716;-0.998055;
1;-1;1.0;6.728139;-0.181828;-0.991167;
1;-1;1.0;6.537982;-0.096899;-0.985339;
1;-1;1.0;6.349991;-0.003754;-0.980746;
1;-1;1.0;6.166275;0.097824;-0.977604;
1;-1;1.0;5.98862;0.208052;-0.976131;
1;0;1.0;5.808223;0.207917;-0.975996;
1;0;1.0;5.624426;0.209195;-0.977273;
1;0;1.0;5.437266;0.212007;-0.980086;
1;0;1.0;5.246828;0.216496;-0.984575;
1;0;1.0;5.053251;0.222828;-0.990907;
1;0;1.0;4.858363;0.230373;-0.998452;
1;0;1.0;4.66383;0.238436;-1.006515;
1;1;1.0;4.469356;0.239843;-1.014903;
1;1;1.0;4.274627;0.234372;-1.023395;
1;1;1.0;4.079341;0.221769;-1.031736;
1;1;1.0;3.883239;0.201733;-1.039625;
1;0;1.0;3.687466;0.210282;-1.048174;
1;0;1.0;3.492066;0.219576;-1.057468;
1;0;1.0;3.297089;0.229714;-1.067606;
1;0;1.0;3.102595;0.240814;-1.078706;
1;0;1.0;2.908657;0.253018;-1.09091;
1;0;1.0;2.715362;0.266494;-1.104386;
1;0;1.0;2.522816;0.281445;-1.119337;
1;0;1.0;2.331148;0.298122;-1.136014;
1;0;1.0;2.14052;0.316828;-1.15472;
1;1;1.0;1.950674;0.330516;-1.175389;
0;1;1.0;1.761313;0.339102;-1.197938;
0;1;1.0;1.572112;0.342484;-1.222264;
-1;1;0.97;1.388371;0.33946;-1.247381;
-1;1;0.94;1.209701;0.329354;-1.272843;
-1;1;0.91;1.035748;0.311348;-1.298077;
-1;1;0.88;0.86622;0.284736;-1.322638;
-1;1;0.85;0.700987;0.248866;-1.346155;
-1;1;0.82;0.540133;0.202914;-1.368104;
-1;1;0.79;0.383979;0.14579;-1.387717;
-1;1;0.76;0.233104;0.075984;-1.403835;
-1;1;0.73;0.088375;-0.008662;-1.414675;
0;1;0.73;7.406734;1.501859;2.417675;
0;1;0.73;7.407011;1.403902;2.401018;
1;1;0.75;7.399238;1.296465;2.384533;
1;1;0.77;7.382748;1.17946;2.368549;
1;1;0.79;7.356615;1.052744;2.353439;
1;1;0.81;7.3205;0.916583;2.339156;
1;1;0.83;7.274093;0.771229;2.325654;
1;1;0.85;7.217112;0.616921;2.312892;
1;1;0.87;7.149301;0.453885;2.300835;
1;1;0.89;7.070429;0.282333;2.289448;
1;1;0.91;6.980281;0.102469;2.278702;
1;1;0.93;6.878664;-0.085518;2.268572;
1;0;0.95;6.765402;-0.075981;2.259036;
1;0;0.97;6.640332;-0.06702;2.250074;
1;0;0.99;6.503307;-0.058619;2.241673;
1;0;1.0;6.354192;-0.050768;2.233823;
1;0;1.0;6.192864;-0.043461;2.226516;
1;0;1.0;6.01921;-0.036697;2.219751;
1;0;1.0;5.836359;-0.030647;2.213701;
1;0;1.0;5.650385;-0.025679;2.208733;
1;0;1.0;5.461161;-0.021879;2.204934;
1;0;1.0;5.268589;-0.019347;2.202402;
1;0;1.0;5.072601;-0.018199;2.201254;
1;0;1.0;4.873167;-0.018573;2.201627;
1;-1;1.0;4.673181;-0.012;2.202036;
1;-1;1.0;4.473181;0.002035;2.201964;
1;-1;1.0;4.273236;0.02385;2.201093;
1;-1;1.0;4.073515;0.053815;2.199053;
1;-1;1.0;3.874333;0.092357;2.195417;
1;0;1.0;3.675222;0.096303;2.191472;
1;0;1.0;3.47619;0.100599;2.187175;
1;0;1.0;3.277249;0.105295;2.182479;
1;0;1.0;3.07841;0.110449;2.177325;
1;0;1.0;2.879692;0.116131;2.171643;
1;0;1.0;2.681112;0.122427;2.165348;
1;0;1.0;2.482694;0.12944;2.158335;
1;0;1.0;2.284469;0.1373;2.150475;
1;0;1.0;2.086473;0.146169;2.141606;
1;0;1.0;1.888752;0.156253;2.131522;
1;0;1.0;1.691369;0.167817;2.119957;
1;0;1.0;1.494402;0.18121;2.106564;
1;0;1.0;1.297959;0.196896;2.090878;
1;0;1.0;1.102188;0.215509;2.072266;
1;-1;1.0;0.907628;0.245627;2.049129;
1;-1;1.0;0.715098;0.289526;2.019193;
1;-1;1.0;0.525883;0.350524;1.979139;
1;-1;1.0;0.342072;0.433538;1.92405;
1;-1;1.0;0.167116;0.545892;1.846602;
1;-1;1.0;0.006808;0.698157;1.736225;
1;-1;1.0;2.856934;-0.430629;-1.210506;
1;-1;1.0;2.671976;-0.395013;-1.190271;
1;-1;1.0;2.484968;-0.351889;-1.170564;
1;-1;1.0;2.296442;-0.301097;-1.151542;
1;-1;1.0;2.107171;-0.242384;-1.133461;
1;-1;1.0;1.918173;-0.175357;-1.116712;
1;-1;1.0;1.730717;-0.099439;-1.101873;
1;0;1.0;1.539297;-0.112979;-1.088333;
1;0;1.0;1.343656;-0.124975;-1.076337;
0;1;1.0;1.145556;-0.144221;-1.064072;
0;1;1.0;0.948308;-0.174355;-1.047901;
-1;1;0.97;0.758408;-0.21695;-1.026466;
-1;1;0.94;0.576709;-0.274524;-0.997479;
-1;1;0.91;0.404531;-0.350419;-0.957842;
-1;1;0.88;0.243899;-0.449034;-0.903419;
-1;1;0.85;0.097843;-0.575911;-0.828947;
-1;1;0.82;12.671647;1.628528;-2.115936;
-1;1;0.79;12.673212;1.570335;-2.1275;
0;1;0.79;12.666608;1.50328;-2.139038;
0;1;0.79;12.651842;1.427301;-2.150489;
1;1;0.81;12.628868;1.342812;-2.16205;
1;1;0.83;12.597714;1.249894;-2.173591;
1;1;0.85;12.558305;1.148574;-2.184946;
1;1;0.87;12.510446;1.038837;-2.195907;
1;1;0.89;12.453797;0.920622;-2.206234;
1;1;0.91;12.388078;0.794115;-2.215942;
1;1;0.93;12.313031;0.659494;-2.225042;
1;1;0.95;12.228419;0.516926;-2.233544;
1;1;0.97;12.13402;0.366571;-2.241455;
1;1;0.99;12.029634;0.208579;-2.248782;
1;1;1.0;11.915077;0.043025;-2.255528;
1;1;1.0;11.79018;-0.130091;-2.261694;
1;0;1.0;11.654791;-0.124507;-2.267278;
1;0;1.0;11.508774;-0.119509;-2.272276;
1;0;1.0;11.352005;-0.115106;-2.276679;
1;0;1.0;11.184377;-0.111308;-2.280477;
1;0;1.0;11.005798;-0.10813;-2.283655;
1;0;1.0;10.81619;-0.105592;-2.286193;
1;0;1.0;10.622512;-0.103793;-2.287992;
1;0;1.0;10.427615;-0.102801;-2.288984;
1;0;1.0;10.231468;-0.102658;-2.289127;
1;0;1.0;10.03407;-0.103409;-2.288376;
1;0;1.0;9.835442;-0.105103;-2.286682;
1;0;1.0;9.636566;-0.107076;-2.284709;
1;0;1.0;9.437733;-0.109123;-2.282662;
1;-1;1.0;9.238796;-0.104134;-2.28067;
1;-1;1.0;9.039625;-0.091965;-2.278876;
1;-1;1.0;8.840139;-0.072463;-2.277434;
1;0;1.0;8.640675;-0.073965;-2.275932;
1;0;1.0;8.441233;-0.075531;-2.274366;
1;0;1.0;8.241816;-0.077164;-2.272733;
1;0;1.0;8.042424;-0.078869;-2.271028;
1;-1;1.0;7.842952;-0.073512;-2.269404;
1;-1;1.0;7.643315;-0.060926;-2.268027;
1;-1;1.0;7.443479;-0.040929;-2.26708;
1;0;1.0;7.24365;-0.041922;-2.266087;
1;0;1.0;7.04383;-0.042964;-2.265045;
1;0;1.0;6.84402;-0.044059;-2.26395;
1;0;1.0;6.644219;-0.045212;-2.262798;
1;0;1.0;6.444429;-0.046426;-2.261583;
1;0;1.0;6.24465;-0.047707;-2.260302;
1;0;1.0;6.044884;-0.049061;-2.258948;
1;0;1.0;5.845132;-0.050494;-2.257515;
1;0;1.0;5.645394;-0.052013;-2.255996;
1;0;1.0;5.445673;-0.053626;-2.254383;
1;0;1.0;5.24597;-0.055342;-2.252667;
1;0;1.0;5.046286;-0.057172;-2.250837;
1;0;1.0;4.846624;-0.059127;-2.248883;
1;0;1.0;4.646986;-0.061219;-2.24679;
1;0;1.0;4.447375;-0.063466;-2.244543;
1;0;1.0;4.247793;-0.065883;-2.242126;
1;0;1.0;4.048244;-0.068491;-2.239518;
1;0;1.0;3.848732;-0.071314;-2.236695;
1;0;1.0;3.649262;-0.074379;-2.23363;
1;0;1.0;3.44984;-0.077719;-2.23029;
1;0;1.0;3.250472;-0.081372;-2.226637;
1;0;1.0;3.051166;-0.085385;-2.222624;
1;0;1.0;2.851933;-0.089813;-2.218196;
1;-1;1.0;2.652656;-0.087362;-2.213666;
1;0;1.0;2.453463;-0.092415;-2.208613;
1;0;1.0;2.254368;-0.098087;-2.202941;
1;0;1.0;2.055393;-0.104497;-2.196531;
1;0;1.0;1.85656;-0.1118;-2.189228;
1;0;1.0;1.657902;-0.120195;-2.180833;
1;1;1.0;1.459648;-0.13749;-2.170519;
1;1;1.0;1.262139;-0.164792;-2.15718;
1;1;1.0;1.065909;-0.203615;-2.139301;
1;1;1.0;0.871809;-0.256062;-2.114779;
1;1;1.0;0.681195;-0.325103;-2.080645;
1;1;1.0;0.496234;-0.414971;-2.032665;
1;1;1.0;0.320401;-0.531657;-1.964848;
1;1;1.0;0.159119;-0.682913;-1.869442;
1;1;1.0;0.020466;-0.877308;-1.73788;
1;1;1.0;2.864683;0.217377;-2.30995;
1;1;1.0;2.671701;0.149677;-2.319044;
1;1;1.0;2.479468;0.07194;-2.325084;
1;1;1.0;2.287751;-0.016371;-2.327529;
1;1;1.0;2.096455;-0.115927;-2.325712;
1;0;1.0;1.903021;-0.122003;-2.319636;
1;0;1.0;1.704618;-0.131002;-2.310637;
1;1;1.0;1.506669;-0.148958;-2.299662;
1;1;1.0;1.309546;-0.176967;-2.285615;
1;1;1.0;1.113816;-0.216516;-2.267011;
1;1;1.0;0.920371;-0.269649;-2.241803;
1;1;1.0;0.730615;-0.339217;-2.207142;
1;0;1.0;0.543447;-0.382348;-2.164011;
1;0;1.0;0.359937;-0.437246;-2.109113;
1;0;1.0;0.181792;-0.508969;-2.03739;
1;0;1.0;0.011846;-0.605433;-1.940926;
1;0;1.0;5.493832;0.466886;-3.013245;
1;1;1.0;5.315237;0.473962;-3.027302;
1;1;1.0;5.136668;0.474469;-3.041771;
1;1;1.0;4.957531;0.468234;-3.05648;
1;1;1.0;4.777236;0.455064;-3.071236;
1;1;1.0;4.595226;0.434739;-3.085817;
1;1;1.0;4.411003;0.407001;-3.099967;
1;1;1.0;4.224163;0.371552;-3.113387;
1;1;1.0;4.034424;0.328116;-3.125802;
1;1;1.0;3.841693;0.276603;-3.13712;
1;1;1.0;3.646165;0.216898;3.135957;
1;1;1.0;3.448358;0.148861;3.127199;
1;0;1.0;3.250695;0.15608;3.11998;
1;0;1.0;3.053245;0.163751;3.112309;
1;0;1.0;2.856059;0.172206;3.103854;
1;0;1.0;2.659177;0.181572;3.094488;
1;0;1.0;2.462653;0.192002;3.084058;
1;0;1.0;2.266552;0.203686;3.072374;
1;0;1.0;2.070953;0.21686;3.0592;
1;0;1.0;1.875959;0.231824;3.044236;
1;0;1.0;1.681703;0.248959;3.027101;
1;0;1.0;1.488357;0.268764;3.007295;
1;1;1.0;1.295754;0.284331;2.984747;
1;1;1.0;1.103698;0.295763;2.959352;
1;1;1.0;0.911974;0.30321;2.930962;
1;1;1.0;0.720364;0.30689;2.899356;
1;0;1.0;0.530901;0.346367;2.85988;
1;0;1.0;0.344494;0.396888;2.809358;
1;0;1.0;0.162613;0.463434;2.742812;
1;1;1.0;1.908801;0.217512;-1.368677;
1;1;1.0;1.713231;0.218451;-1.383579;
1;1;1.0;1.517425;0.213097;-1.399169;
1;1;1.0;1.321136;0.201037;-1.415034;
1;1;1.0;1.124148;0.181701;-1.430604;
1;1;1.0;0.926301;0.154283;-1.445074;
1;1;1.0;0.727539;0.117595;-1.457256;
1;1;1.0;0.528231;0.070472;-1.465983;
1;1;1.0;0.329083;0.011188;-1.46953;
1;1;1.0;0.131165;-0.063267;-1.464889;
