[mass=10.0;maxForwardSpeed=10.0;maxBackwardSpeed=0.0;turnRange=0.349066;brakePower=0.3;enginePower=0.2;steeringPower=0.2]
1;0;0.02;7.806902;0.0;2.417675;
1;0;0.04;7.798902;0.0;2.417675;
1;0;0.06;7.786902;0.0;2.417675;
1;0;0.08;7.770902;0.0;2.417675;
1;0;0.1;7.750902;0.0;2.417675;
1;0;0.12;7.726902;0.0;2.417675;
1;0;0.14;7.698902;0.0;2.417675;
1;0;0.16;7.666902;0.0;2.417675;
1;0;0.18;7.630902;0.0;2.417675;
1;0;0.2;7.590902;0.0;2.417675;
1;0;0.22;7.546902;0.0;2.417675;
1;0;0.24;7.498902;0.0;2.417675;
1;0;0.26;7.446902;0.0;2.417675;
1;0;0.28;7.390902;0.0;2.417675;
1;0;0.3;7.330902;0.0;2.417675;
1;0;0.32;7.266902;0.0;2.417675;
1;0;0.34;7.198902;0.0;2.417675;
1;0;0.36;7.126902;0.0;2.417675;
1;0;0.38;7.050902;0.0;2.417675;
1;0;0.4;6.970902;0.0;2.417675;
1;0;0.42;6.886902;0.0;2.417675;
1;0;0.44;6.798902;0.0;2.417675;
1;0;0.46;6.706902;0.0;2.417675;
1;0;0.48;6.610902;0.0;2.417675;
1;0;0.5;6.510902;0.0;2.417675;
1;0;0.52;6.406902;0.0;2.417675;
1;0;0.54;6.298902;0.0;2.417675;
1;0;0.56;6.186902;0.0;2.417675;
1;0;0.58;6.070902;-0.0;2.417675;
1;0;0.6;5.950902;-0.0;2.417675;
1;0;0.62;5.826902;-0.0;2.417675;
1;0;0.64;5.698902;-0.0;2.417675;
1;0;0.66;5.566902;-0.0;2.417675;
1;0;0.68;5.430902;-0.0;2.417675;
1;0;0.7;5.290902;-0.0;2.417675;
1;0;0.72;5.146902;-0.0;2.417675;
1;0;0.74;4.998902;-0.0;2.417675;
1;0;0.76;4.846902;-0.0;2.417675;
1;0;0.78;4.690902;-0.0;2.417675;
1;-1;0.8;4.530909;0.008979;2.417423;
1;-1;0.82;4.366967;0.027021;2.416622;
1;-1;0.84;4.199206;0.05427;2.414924;
1;0;0.86;4.027468;0.056126;2.413068;
1;0;0.88;3.851755;0.058161;2.411033;
1;0;0.9;3.672071;0.0604;2.408793;
1;0;0.92;3.488421;0.062875;2.406319;
1;0;0.94;3.300808;0.065622;2.403572;
1;-1;0.96;3.109342;0.076297;2.400169;
1;-1;0.98;2.914188;0.095228;2.395634;
1;-1;1.0;2.715619;0.122867;2.389372;
1;-1;1.0;2.51803;0.159791;2.380807;
1;-1;1.0;2.322052;0.206804;2.369134;
1;0;1.0;2.126584;0.219939;2.355999;
1;0;1.0;1.931726;0.234823;2.341115;
1;0;1.0;1.737611;0.251822;2.324116;
1;0;1.0;1.544407;0.271409;2.304529;
1;0;1.0;1.352339;0.294204;2.281734;
1;0;1.0;1.16171;0.321036;2.254902;
1;0;1.0;0.972938;0.353029;2.222909;
1;-1;1.0;0.787149;0.399445;2.183474;
1;-1;1.0;0.606009;0.463457;2.133425;
1;-1;1.0;0.43205;0.549483;2.068342;
1;-1;1.0;0.269178;0.663532;1.982219;
1;-1;1.0;0.123394;0.813169;1.867489;
1;-1;1.0;0.003572;1.006014;1.716532;
1;-1;1.0;7.818371;-0.265594;-1.066159;
1;-1;1.0;7.623157;-0.214704;-1.0612;
1;-1;1.0;7.426484;-0.155886;-1.057186;
1;-1;1.0;7.229236;-0.089042;-1.054217;
1;-1;1.0;7.032588;-0.014051;-1.052412;
1;-1;1.0;6.83803;0.069228;-1.051916;
1;-1;1.0;6.647378;0.160963;-1.052894;
1;0;1.0;6.454077;0.163284;-1.055215;
1;0;1.0;6.258196;0.167058;-1.058989;
1;0;1.0;6.061059;0.171768;-1.063699;
1;0;1.0;5.864087;0.176748;-1.068679;
1;0;1.0;5.667296;0.182023;-1.073954;
1;0;1.0;5.470701;0.187618;-1.079549;
1;1;1.0;5.274058;0.186364;-1.085276;
1;1;1.0;5.07712;0.178047;-1.090921;
1;1;1.0;4.879666;0.162425;-1.096243;
1;0;1.0;4.68239;0.168116;-1.101935;
1;0;1.0;4.485312;0.174217;-1.108036;
1;0;1.0;4.288453;0.180773;-1.114591;
1;0;1.0;4.091839;0.187835;-1.121653;
1;0;1.0;3.8955;0.195463;-1.129282;
1;0;1.0;3.699469;0.203729;-1.137548;
1;0;1.0;3.503787;0.212714;-1.146532;
1;0;1.0;3.308501;0.222514;-1.156332;
1;0;1.0;3.113669;0.233243;-1.167062;
1;0;1.0;2.919357;0.245038;-1.178857;
1;0;1.0;2.725647;0.258061;-1.19188;
1;0;1.0;2.532639;0.27251;-1.206329;
1;0;1.0;2.340453;0.288626;-1.222444;
1;0;1.0;2.14924;0.306703;-1.240522;
1;1;1.0;1.958746;0.319681;-1.260481;
1;1;1.0;1.768674;0.327462;-1.282224;
0;1;1.0;1.578702;0.329922;-1.305629;
-1;1;0.97;1.394164;0.325868;-1.329715;
-1;1;0.94;1.214684;0.3146;-1.354016;
-1;1;0.91;1.039927;0.295277;-1.377933;
-1;1;0.88;0.869647;0.266979;-1.400808;
-1;1;0.85;0.703787;0.228935;-1.42215;
-1;1;0.82;0.542504;0.180139;-1.441255;
-1;1;0.79;0.386189;0.119236;-1.457089;
-1;1;0.76;0.235497;0.044332;-1.468109;
-1;1;0.73;0.091398;-0.047285;-1.471978;
-1;1;0.7;7.451301;1.40423;2.418967;
-1;1;0.67;7.432615;1.303469;2.403848;
0;1;0.67;7.404527;1.191491;2.389526;
1;1;0.69;7.367025;1.068833;2.375767;
1;1;0.71;7.319403;0.935512;2.362837;
1;1;0.73;7.261374;0.791835;2.3507;
1;1;0.75;7.192678;0.638087;2.339326;
1;1;0.77;7.113078;0.474537;2.328686;
1;1;0.79;7.022359;0.30144;2.318758;
1;1;0.81;6.920325;0.119031;2.309522;
1;0;0.83;6.806799;0.127588;2.300964;
1;0;0.85;6.681619;0.135476;2.293076;
1;0;0.87;6.544642;0.1427;2.285853;
1;0;0.89;6.395734;0.149256;2.279297;
1;0;0.91;6.234779;0.155136;2.273416;
1;1;0.93;6.061671;0.152819;2.268226;
1;1;0.95;5.876319;0.142438;2.263752;
1;1;0.97;5.683776;0.123877;2.260261;
1;0;0.99;5.487339;0.127648;2.256489;
1;0;1.0;5.289018;0.131696;2.252441;
1;0;1.0;5.090806;0.136008;2.248129;
1;0;1.0;4.892716;0.14061;2.243527;
1;0;1.0;4.694758;0.145532;2.238605;
1;0;1.0;4.496949;0.150808;2.233329;
1;1;1.0;4.299092;0.149237;2.227919;
1;1;1.0;4.10099;0.140562;2.222631;
1;0;1.0;3.903043;0.146277;2.216917;
1;0;1.0;3.705269;0.152472;2.210721;
1;0;1.0;3.507692;0.159211;2.203982;
1;1;1.0;3.310111;0.159266;2.196946;
1;1;1.0;3.112321;0.152346;2.189904;
1;1;1.0;2.914133;0.138097;2.183209;
1;0;1.0;2.716139;0.145505;2.1758;
1;0;1.0;2.518372;0.153747;2.167558;
1;0;1.0;2.320872;0.16297;2.158335;
1;0;1.0;2.123691;0.173359;2.147946;
1;0;1.0;1.926892;0.185146;2.136159;
1;0;1.0;1.730558;0.19863;2.122675;
1;0;1.0;1.534798;0.2142;2.107105;
1;0;1.0;1.339755;0.232371;2.088934;
1;0;1.0;1.145624;0.253838;2.067467;
1;-1;1.0;0.95307;0.28723;2.041057;
1;-1;1.0;0.763072;0.334851;2.007398;
1;-1;1.0;0.577137;0.399983;1.963211;
1;-1;1.0;0.397636;0.487324;1.903794;
1;-1;1.0;0.228353;0.603537;1.822488;
1;-1;1.0;0.075335;0.757539;1.710374;
1;-1;1.0;2.855501;-0.37641;-1.231194;
1;-1;1.0;2.666639;-0.338048;-1.213705;
1;-1;1.0;2.475946;-0.291855;-1.197066;
1;-1;1.0;2.284022;-0.237604;-1.181505;
1;-1;1.0;2.091716;-0.174956;-1.167358;
1;0;1.0;1.896053;-0.187822;-1.154492;
1;0;1.0;1.699829;-0.201654;-1.14066;
1;0;1.0;1.504202;-0.217651;-1.124663;
1;0;1.0;1.309324;-0.236354;-1.10596;
0;1;1.0;1.115765;-0.266113;-1.083183;
0;1;1.0;0.924353;-0.308809;-1.054449;
-1;1;0.97;0.741953;-0.366062;-1.018356;
-1;1;0.94;0.570069;-0.440703;-0.972302;
-1;1;0.91;0.410857;-0.536217;-0.913046;
-1;1;0.88;0.26736;-0.656635;-0.83682;
-1;1;0.85;0.143701;-0.805973;-0.739888;
-1;1;0.82;0.044952;-0.986732;-0.620048;
-1;1;0.79;12.521296;1.431764;-2.129931;
-1;1;0.76;12.491393;1.363828;-2.140936;
-1;1;0.73;12.453233;1.28571;-2.151325;
-1;1;0.7;12.406552;1.196931;-2.161024;
0;1;0.7;12.351094;1.09777;-2.170315;
1;1;0.72;12.286715;0.988612;-2.179306;
1;1;0.74;12.213217;0.869498;-2.187775;
1;1;0.76;12.130356;0.740557;-2.195602;
1;1;0.78;12.037918;0.602028;-2.202792;
1;1;0.8;11.93571;0.454139;-2.209349;
1;1;0.82;11.823556;0.297103;-2.215272;
1;1;0.84;11.7013;0.13112;-2.220559;
1;1;0.86;11.568802;-0.043623;-2.225205;
1;0;0.88;11.425941;-0.039627;-2.2292;
1;0;0.9;11.27261;-0.036295;-2.232533;
1;0;0.92;11.108723;-0.033642;-2.235186;
1;1;0.94;10.934208;-0.039116;-2.237138;
1;1;0.96;10.749014;-0.052589;-2.238365;
1;0;0.98;10.554462;-0.052129;-2.238825;
1;0;1.0;10.3552;-0.052505;-2.238449;
1;0;1.0;10.155481;-0.053445;-2.237508;
1;0;1.0;9.955772;-0.054421;-2.236533;
1;0;1.0;9.756073;-0.055432;-2.235522;
1;0;1.0;9.556386;-0.056482;-2.234472;
1;0;1.0;9.356711;-0.057572;-2.233382;
1;0;1.0;9.157049;-0.058705;-2.232249;
1;0;1.0;8.957401;-0.059883;-2.23107;
1;0;1.0;8.757766;-0.06111;-2.229844;
1;0;1.0;8.558148;-0.062388;-2.228566;
1;0;1.0;8.358545;-0.06372;-2.227233;
1;-1;1.0;8.158874;-0.057977;-2.225995;
1;-1;1.0;7.959072;-0.044997;-2.225013;
1;-1;1.0;7.759131;-0.024602;-2.224464;
1;0;1.0;7.559193;-0.025177;-2.223889;
1;0;1.0;7.359258;-0.025779;-2.223286;
1;0;1.0;7.159326;-0.026411;-2.222655;
1;0;1.0;6.959397;-0.027075;-2.221991;
1;0;1.0;6.759473;-0.027772;-2.221293;
1;0;1.0;6.559552;-0.028507;-2.220559;
1;0;1.0;6.359635;-0.029282;-2.219784;
1;0;1.0;6.159723;-0.030099;-2.218966;
1;0;1.0;5.959817;-0.030964;-2.218101;
1;0;1.0;5.759915;-0.03188;-2.217185;
1;0;1.0;5.56002;-0.032852;-2.216214;
1;0;1.0;5.360131;-0.033885;-2.215181;
1;0;1.0;5.16025;-0.034985;-2.214081;
1;0;1.0;4.960376;-0.036158;-2.212907;
1;0;1.0;4.760512;-0.037414;-2.211652;
1;0;1.0;4.560657;-0.038759;-2.210307;
1;0;1.0;4.360812;-0.040205;-2.208861;
1;0;1.0;4.16098;-0.041762;-2.207304;
1;0;1.0;3.961162;-0.043445;-2.20562;
1;0;1.0;3.761358;-0.04527;-2.203796;
1;0;1.0;3.561572;-0.047254;-2.201812;
1;0;1.0;3.361806;-0.04942;-2.199646;
1;0;1.0;3.162062;-0.051793;-2.197272;
1;0;1.0;2.962343;-0.054407;-2.194659;
1;0;1.0;2.762655;-0.057297;-2.191769;
1;0;1.0;2.563002;-0.060512;-2.188554;
1;0;1.0;2.363389;-0.064108;-2.184958;
1;0;1.0;2.163826;-0.068157;-2.180908;
1;0;1.0;1.964322;-0.072752;-2.176313;
1;0;1.0;1.764889;-0.07801;-2.171055;
1;0;1.0;1.565545;-0.084086;-2.16498;
1;0;1.0;1.366311;-0.091184;-2.157882;
1;0;1.0;1.167218;-0.099587;-2.149478;
1;1;1.0;0.968468;-0.117376;-2.138671;
1;1;1.0;0.770384;-0.146134;-2.123876;
1;1;1.0;0.573521;-0.188217;-2.102737;
1;1;1.0;0.378842;-0.247255;-2.071624;
1;1;1.0;0.188056;-0.329051;-2.024735;
1;1;1.0;0.004279;-0.443191;-1.952483;
1;1;1.0;3.061924;0.497895;-2.35001;
1;1;1.0;2.88255;0.464199;-2.372165;
1;1;1.0;2.700999;0.422925;-2.393722;
1;1;1.0;2.517768;0.373745;-2.414356;
1;1;1.0;2.333438;0.316189;-2.433595;
1;1;1.0;2.148675;0.249599;-2.45078;
1;1;1.0;1.963383;0.173421;-2.465359;
1;1;1.0;1.777068;0.087151;-2.476827;
1;1;1.0;1.589322;-0.009866;-2.48453;
1;0;1.0;1.399861;-0.006798;-2.487599;
1;0;1.0;1.203065;-0.006302;-2.488095;
1;1;1.0;1.003084;-0.014609;-2.486769;
1;1;1.0;0.803175;-0.03174;-2.4836;
1;1;1.0;0.603487;-0.059253;-2.477032;
1;1;1.0;0.404354;-0.099578;-2.464632;
1;1;1.0;0.206458;-0.156713;-2.442403;
1;1;1.0;0.01116;-0.237635;-2.403369;
1;1;1.0;5.833773;0.364808;-3.054682;
1;1;1.0;5.643507;0.318139;-3.063863;
1;1;1.0;5.450054;0.263434;-3.07199;
1;1;1.0;5.253578;0.200615;-3.078984;
1;1;1.0;5.05457;0.129587;-3.08475;
1;0;1.0;4.856292;0.13404;-3.089203;
1;0;1.0;4.658149;0.138763;-3.093927;
1;0;1.0;4.460141;0.14383;-3.098993;
1;0;1.0;4.262285;0.149277;-3.104441;
1;0;1.0;4.064596;0.155151;-3.110314;
1;0;1.0;3.867097;0.1615;-3.116664;
1;0;1.0;3.66981;0.168387;-3.123551;
1;0;1.0;3.472764;0.175881;-3.131045;
1;0;1.0;3.275993;0.184065;-3.139229;
1;0;1.0;3.079536;0.193039;3.134983;
1;0;1.0;2.88344;0.202919;3.125103;
1;0;1.0;2.687764;0.213849;3.114173;
1;0;1.0;2.492577;0.226002;3.10202;
1;0;1.0;2.297968;0.239591;3.088431;
1;0;1.0;2.104044;0.254882;3.07314;
1;0;1.0;1.910942;0.272206;3.055816;
1;0;1.0;1.718838;0.291984;3.036038;
1;0;1.0;1.527958;0.31476;3.013262;
1;0;1.0;1.338604;0.341239;2.986783;
1;0;1.0;1.151177;0.372358;2.955664;
1;0;1.0;0.96623;0.409373;2.918649;
1;1;1.0;0.783925;0.446311;2.87473;
1;1;1.0;0.604518;0.4846;2.822478;
1;1;1.0;0.428436;0.526314;2.75982;
1;1;1.0;0.256408;0.574554;2.683655;
1;1;1.0;0.089687;0.634096;2.589206;
1;1;1.0;1.788708;0.249238;-1.418254;
0;1;1.0;1.593015;0.215721;-1.433606;
0;1;1.0;1.396051;0.173631;-1.447367;
-1;1;0.97;1.204065;0.121595;-1.458379;
-1;1;0.94;1.017661;0.058403;-1.465661;
-1;1;0.91;0.837704;-0.017548;-1.467857;
-1;1;0.88;0.664875;-0.108312;-1.463173;
-1;1;0.85;0.499373;-0.216479;-1.449299;
-1;1;0.82;0.341824;-0.345515;-1.423069;
-1;1;0.79;0.193535;-0.500088;-1.38014;
-1;1;0.76;0.056896;-0.686386;-1.314673;
-1;1;0.73;7.534057;0.906989;2.520827;
0;1;0.73;7.453868;0.782434;2.505425;
0;1;0.73;7.363284;0.647803;2.490536;
1;1;0.75;7.262059;0.503393;2.476117;
1;1;0.77;7.149971;0.349491;2.462124;
1;1;0.79;7.026812;0.186366;2.448516;
1;1;0.81;6.900448;0.013915;2.435616;
1;1;0.83;6.780869;-0.168162;2.42393;
1;0;0.85;6.655562;-0.15717;2.412938;
1;0;0.87;6.524305;-0.146878;2.402647;
1;0;0.89;6.386892;-0.137299;2.393067;
1;0;0.91;6.243129;-0.128446;2.384214;
1;0;0.93;6.09284;-0.120339;2.376107;
1;0;0.95;5.935864;-0.113003;2.368771;
1;-1;0.97;5.77142;-0.099229;2.362195;
1;-1;0.99;5.598746;-0.079156;2.35637;
1;-1;1.0;5.418732;-0.052961;2.351406;
1;-1;1.0;5.232385;-0.020783;2.347439;
1;-1;1.0;5.03923;0.017328;2.344522;
1;0;1.0;4.841894;0.018888;2.342961;
1;0;1.0;4.641931;0.019558;2.342292;
1;0;1.0;4.44197;0.020277;2.341573;
1;0;1.0;4.242013;0.02105;2.3408;
1;0;1.0;4.042059;0.021885;2.339965;
1;0;1.0;3.842109;0.022789;2.339061;
1;-1;1.0;3.642201;0.031053;2.337778;
1;-1;1.0;3.442413;0.047041;2.335752;
1;-1;1.0;3.242897;0.071187;2.33255;
1;0;1.0;3.043428;0.074705;2.329032;
1;0;1.0;2.844015;0.078589;2.325149;
1;0;1.0;2.644666;0.082897;2.320841;
1;0;1.0;2.445393;0.087703;2.316034;
1;0;1.0;2.246209;0.0931;2.310638;
1;0;1.0;2.047132;0.099202;2.304536;
1;0;1.0;1.848184;0.106156;2.297581;
1;0;1.0;1.649394;0.114155;2.289582;
1;0;1.0;1.450802;0.123451;2.280287;
1;0;1.0;1.252459;0.134384;2.269353;
1;0;1.0;1.054437;0.147428;2.25631;
1;-1;1.0;0.857071;0.170973;2.239746;
1;-1;1.0;0.660889;0.207081;2.217601;
1;-1;1.0;0.466763;0.258853;2.186773;
1;-1;1.0;0.276185;0.331122;2.142429;
1;-1;1.0;0.091783;0.43164;2.076817;
1;-1;1.0;8.212735;-0.499563;-1.05326;
1;-1;1.0;8.033126;-0.460338;-1.043616;
1;-1;1.0;7.849911;-0.413495;-1.034609;
1;-1;1.0;7.663394;-0.358986;-1.026286;
1;-1;1.0;7.474139;-0.296749;-1.018709;
1;-1;1.0;7.283;-0.226702;-1.011962;
1;-1;1.0;7.091141;-0.148736;-1.006152;
1;-1;1.0;6.900051;-0.062716;-1.001415;
1;-1;1.0;6.711557;0.031526;-0.997918;
1;0;1.0;6.519934;0.029113;-0.995505;
1;0;1.0;6.325117;0.027864;-0.994257;
1;0;1.0;6.127073;0.027875;-0.994268;
1;-1;1.0;5.927198;0.035862;-0.995274;
1;-1;1.0;5.727453;0.051306;-0.996754;
1;-1;1.0;5.527991;0.074461;-0.998966;
1;-1;1.0;5.329072;0.105616;-1.002196;
1;0;1.0;5.130222;0.109056;-1.005635;
1;0;1.0;4.93145;0.112726;-1.009305;
1;0;1.0;4.732764;0.11665;-1.01323;
1;0;1.0;4.534172;0.120856;-1.017436;
1;0;1.0;4.335685;0.125375;-1.021955;
1;0;1.0;4.137316;0.130243;-1.026823;
1;0;1.0;3.939078;0.135503;-1.032082;
1;0;1.0;3.740989;0.141201;-1.037781;
1;0;1.0;3.543066;0.147397;-1.043976;
1;0;1.0;3.345334;0.154156;-1.050736;
1;0;1.0;3.14782;0.16156;-1.05814;
1;0;1.0;2.950555;0.169704;-1.066283;
1;0;1.0;2.75358;0.178703;-1.075282;
1;0;1.0;2.556943;0.188698;-1.085277;
1;1;1.0;2.36043;0.192472;-1.096033;
1;1;1.0;2.163808;0.189735;-1.107258;
0;1;1.0;1.96684;0.180116;-1.118583;
0;1;1.0;1.769318;0.163139;-1.129532;
-1;1;0.97;1.577024;0.137628;-1.139143;
-1;1;0.94;1.38994;0.102546;-1.146611;
-1;1;0.91;1.208124;0.056859;-1.151145;
-1;1;0.88;1.0318;-0.00049;-1.151951;
-1;1;0.85;0.861496;-0.070795;-1.148013;
-1;1;0.82;0.698101;-0.155657;-1.138032;
-1;1;0.79;0.542936;-0.257053;-1.120356;
-1;1;0.76;0.397831;-0.377371;-1.092942;
-1;1;0.73;0.265222;-0.519367;-1.053415;
-1;1;0.7;0.147698;-0.686037;-0.999186;
-1;1;0.67;0.047379;-0.880442;-0.927642;
-1;1;0.64;6.883729;1.108508;2.397559;
-1;1;0.61;6.842827;0.977229;2.383623;
-1;1;0.58;6.791807;0.83303;2.370571;
0;1;0.58;6.730378;0.675947;2.358366;
0;1;0.58;6.658276;0.506013;2.346976;
1;1;0.6;6.575262;0.323655;2.336373;
1;1;0.62;6.481121;0.129271;2.326537;
1;1;0.64;6.375656;-0.076771;2.317451;
1;1;0.66;6.27308;-0.294623;2.309597;
1;0;0.68;6.165152;-0.287777;2.30275;
1;0;0.7;6.051705;-0.281969;2.296942;
1;0;0.72;5.932597;-0.277235;2.292208;
1;0;0.74;5.807711;-0.27362;2.288593;
1;0;0.76;5.676958;-0.271178;2.286151;
1;0;0.78;5.540275;-0.269971;2.284944;
1;0;0.8;5.397633;-0.270077;2.28505;
1;-1;0.82;5.248348;-0.26304;2.286527;
1;-1;0.84;5.091769;-0.24914;2.289452;
1;-1;0.86;4.927314;-0.228665;2.293919;
1;-1;0.88;4.754778;-0.201738;2.299869;
1;-1;0.9;4.577184;-0.166282;2.305046;
1;-1;0.92;4.394508;-0.122078;2.309063;
1;-1;0.94;4.206938;-0.068827;2.31146;
1;-1;0.96;4.014849;-0.006207;2.311761;
1;-1;0.98;3.818583;0.065864;2.309734;
1;-1;1.0;3.618892;0.147509;2.305115;
1;0;1.0;3.421162;0.154157;2.298467;
1;0;1.0;3.223645;0.161428;2.291196;
1;0;1.0;3.026374;0.169412;2.283212;
1;0;1.0;2.829386;0.178218;2.274406;
1;0;1.0;2.632726;0.187978;2.264646;
1;0;1.0;2.436453;0.198854;2.25377;
1;0;1.0;2.240635;0.211046;2.241578;
1;0;1.0;2.045361;0.224804;2.22782;
1;0;1.0;1.850742;0.240444;2.21218;
1;0;1.0;1.656922;0.258371;2.194253;
1;0;1.0;1.464091;0.279111;2.173513;
1;0;1.0;1.272499;0.303359;2.149265;
1;0;1.0;1.082488;0.332053;2.120571;
1;0;1.0;0.894535;0.366473;2.086151;
1;0;1.0;0.709319;0.408411;2.044213;
1;-1;1.0;0.52846;0.468222;1.991384;
1;-1;1.0;0.354442;0.550711;1.922857;
1;-1;1.0;0.191165;0.66262;1.831892;
1;-1;1.0;0.044781;0.812781;1.709656;
1;-1;1.0;2.840474;-0.34116;-1.225883;
1;-1;1.0;2.64984;-0.315428;-1.209727;
1;-1;1.0;2.457305;-0.281798;-1.194488;
1;-1;1.0;2.263109;-0.239988;-1.180447;
1;-1;1.0;2.06779;-0.189683;-1.16792;
1;-1;1.0;1.872119;-0.130431;-1.157359;
1;-1;1.0;1.677129;-0.061591;-1.149405;
1;0;1.0;1.478178;-0.067126;-1.143869;
1;0;1.0;1.278668;-0.073014;-1.137982;
1;1;1.0;1.079369;-0.087681;-1.130296;
0;1;1.0;0.880511;-0.112436;-1.119504;
0;1;1.0;0.682497;-0.149188;-1.103695;
-1;1;0.97;0.491932;-0.200269;-1.080755;
-1;1;0.94;0.309873;-0.269379;-1.047213;
-1;1;0.91;0.138072;-0.361823;-0.99801;
-1;1;0.88;12.813495;1.673897;-2.106533;
-1;1;0.85;12.823037;1.626801;-2.118825;
-1;1;0.82;12.824839;1.570772;-2.130696;
-1;1;0.79;12.818718;1.505447;-2.142108;
0;1;0.79;12.80441;1.431201;-2.153437;
1;1;0.81;12.781879;1.348453;-2.164882;
1;1;0.83;12.75115;1.257286;-2.17632;
1;1;0.85;12.712153;1.157738;-2.187589;
1;1;0.87;12.664692;1.049798;-2.198493;
1;1;0.89;12.608432;0.933412;-2.208793;
1;1;0.91;12.543088;0.808743;-2.218482;
1;1;0.93;12.468402;0.675967;-2.227572;
1;1;0.95;12.384137;0.535253;-2.236072;
1;1;0.97;12.290073;0.38676;-2.24399;
1;1;0.99;12.18601;0.23064;-2.251332;
1;1;1.0;12.071764;0.066965;-2.258103;
1;1;1.0;11.947167;-0.104261;-2.264302;
1;1;1.0;11.812066;-0.28304;-2.26993;
1;0;1.0;11.666323;-0.277989;-2.274981;
1;0;1.0;11.509815;-0.273521;-2.279449;
1;0;1.0;11.342435;-0.269647;-2.283323;
1;0;1.0;11.164087;-0.26638;-2.28659;
1;0;1.0;10.981525;-0.263811;-2.289159;
1;0;1.0;10.797767;-0.262003;-2.290967;
1;0;1.0;10.61276;-0.260992;-2.291978;
1;0;1.0;10.426476;-0.260816;-2.292154;
1;0;1.0;10.238908;-0.261516;-2.291454;
1;0;1.0;10.05008;-0.263138;-2.289832;
1;0;1.0;9.860039;-0.26573;-2.28724;
1;0;1.0;9.668869;-0.269344;-2.283626;
1;0;1.0;9.476684;-0.274039;-2.278931;
1;0;1.0;9.284289;-0.279302;-2.273668;
1;0;1.0;9.09219;-0.284765;-2.268205;
1;-1;1.0;8.900009;-0.283324;-2.262665;
1;-1;1.0;8.707367;-0.274844;-2.257182;
1;-1;1.0;8.513911;-0.25918;-2.251902;
1;-1;1.0;8.319348;-0.236174;-2.246983;
1;-1;1.0;8.123473;-0.205649;-2.242601;
1;-1;1.0;7.926208;-0.167414;-2.238948;
1;0;1.0;7.729068;-0.171232;-2.23513;
1;0;1.0;7.532061;-0.175226;-2.231136;
1;0;1.0;7.335196;-0.17941;-2.226953;
1;0;1.0;7.138485;-0.183795;-2.222568;
1;-1;1.0;6.941681;-0.181243;-2.218138;
1;-1;1.0;6.744544;-0.17158;-2.213838;
1;-1;1.0;6.546869;-0.154613;-2.209861;
1;-1;1.0;6.348515;-0.130127;-2.206422;
1;0;1.0;6.150253;-0.133756;-2.202793;
1;0;1.0;5.952091;-0.137593;-2.198956;
1;0;1.0;5.754037;-0.141654;-2.194895;
1;0;1.0;5.556101;-0.145961;-2.190588;
1;0;1.0;5.358294;-0.150536;-2.186013;
1;-1;1.0;5.160418;-0.1482;-2.181368;
1;-1;1.0;4.962277;-0.138726;-2.176879;
1;0;1.0;4.764265;-0.143524;-2.172081;
1;0;1.0;4.566395;-0.148663;-2.166942;
1;0;1.0;4.368682;-0.154181;-2.161424;
1;0;1.0;4.171146;-0.160121;-2.155485;
1;-1;1.0;3.97358;-0.159274;-2.14935;
1;-1;1.0;3.775776;-0.151375;-2.143286;
1;-1;1.0;3.577548;-0.136114;-2.137604;
1;-1;1.0;3.378771;-0.11312;-2.132672;
1;-1;1.0;3.179412;-0.081953;-2.128933;
1;0;1.0;2.980117;-0.086066;-2.124819;
1;0;1.0;2.780896;-0.090613;-2.120272;
1;0;1.0;2.581762;-0.095666;-2.11522;
1;0;1.0;2.382731;-0.101314;-2.109572;
1;0;1.0;2.18382;-0.107667;-2.103219;
1;0;1.0;1.985056;-0.114867;-2.096019;
1;0;1.0;1.786468;-0.123093;-2.087792;
1;0;1.0;1.588098;-0.132582;-2.078304;
1;0;1.0;1.389999;-0.143644;-2.067241;
1;0;1.0;1.192246;-0.156704;-2.054181;
1;0;1.0;0.994941;-0.172351;-2.038535;
1;1;1.0;0.798502;-0.199169;-2.018698;
1;1;1.0;0.603586;-0.239516;-1.992313;
1;1;1.0;0.411272;-0.296964;-1.95581;
1;1;1.0;0.223401;-0.377096;-1.903603;
1;1;1.0;0.043216;-0.488849;-1.826756;
1;1;1.0;2.979236;0.564201;-2.329267;
1;1;1.0;2.806486;0.541229;-2.355164;
1;1;1.0;2.631337;0.511225;-2.381011;
1;1;1.0;2.454159;0.474025;-2.406643;
1;1;1.0;2.275408;0.42936;-2.431791;
1;1;1.0;2.095607;0.376816;-2.456042;
1;1;1.0;1.915328;0.315789;-2.47879;
1;1;1.0;1.734702;0.245648;-2.499406;
1;1;1.0;1.553093;0.165969;-2.517465;
1;1;1.0;1.369924;0.076197;-2.532413;
1;1;1.0;1.184696;-0.024409;-2.543508;
1;1;1.0;0.997018;-0.136882;-2.549717;
1;1;1.0;0.806663;-0.26272;-2.549544;
1;1;1.0;0.613653;-0.40418;-2.540728;
1;1;1.0;0.418432;-0.564838;-2.519697;
1;0;1.0;0.222205;-0.604029;-2.480505;
1;0;1.0;0.027673;-0.671816;-2.412719;
1;0;1.0;5.835848;-0.035017;-3.049518;
1;0;1.0;5.632852;-0.030887;-3.053647;
1;0;1.0;5.430818;-0.028047;-3.056488;
1;0;1.0;5.229667;-0.026622;-3.057912;
1;0;1.0;5.029359;-0.026755;-3.057779;
1;0;1.0;4.829433;-0.027673;-3.056862;
1;-1;1.0;4.629477;-0.021427;-3.056126;
1;-1;1.0;4.429483;-0.007739;-3.055852;
1;-1;1.0;4.229501;0.01371;-3.056357;
1;0;1.0;4.029521;0.014255;-3.056902;
1;0;1.0;3.829542;0.014845;-3.057492;
1;0;1.0;3.629565;0.015486;-3.058133;
1;0;1.0;3.42959;0.016186;-3.058832;
1;-1;1.0;3.229646;0.024262;-3.059928;
1;-1;1.0;3.0298;0.040122;-3.061824;
1;-1;1.0;2.830192;0.064252;-3.065011;
1;-1;1.0;2.631088;0.097247;-3.070081;
1;0;1.0;2.432087;0.102905;-3.075739;
1;0;1.0;2.233211;0.10926;-3.082093;
1;0;1.0;2.034482;0.116447;-3.08928;
1;0;1.0;1.835931;0.124641;-3.097474;
1;0;1.0;1.6376;0.134067;-3.106901;
1;0;1.0;1.439541;0.145026;-3.117859;
1;0;1.0;1.241827;0.157919;-3.130753;
1;0;1.0;1.044558;0.173303;3.137048;
1;0;1.0;0.847875;0.191968;3.118384;
1;0;1.0;0.65199;0.215068;3.095284;
1;0;1.0;0.457223;0.244363;3.065989;
1;0;1.0;0.264091;0.282651;3.027701;
1;1;1.0;0.073024;0.326425;2.976946;
1;1;1.0;1.868053;0.219468;-1.28049;
0;1;1.0;1.672273;0.213285;-1.295252;
0;1;1.0;1.475973;0.200248;-1.310139;
-1;1;0.97;1.284834;0.179082;-1.324096;
-1;1;0.94;1.09874;0.148725;-1.336289;
-1;1;0.91;0.917706;0.107838;-1.345623;
-1;1;0.88;0.741951;0.054725;-1.350665;
-1;1;0.85;0.572065;-0.012448;-1.349859;
-1;1;0.82;0.409006;-0.096177;-1.341012;
-1;1;0.79;0.254233;-0.199874;-1.321034;
-1;1;0.76;0.109252;-0.328129;-1.285684;
-1;1;0.73;7.533709;1.317361;2.525627;
0;1;0.73;7.492183;1.221276;2.50968;
1;1;0.75;7.440515;1.11527;2.494346;
1;1;0.77;7.378344;0.999596;2.479613;
1;1;0.79;7.305415;0.87453;2.465436;
1;1;0.81;7.221496;0.740334;2.451768;
1;1;0.83;7.126372;0.59726;2.438569;
1;1;0.85;7.019849;0.445546;2.425795;
1;1;0.87;6.901751;0.285422;2.413408;
1;1;0.89;6.771913;0.117109;2.401365;
1;0;0.91;6.630188;0.128846;2.389628;
1;0;0.93;6.476439;0.140318;2.378156;
1;0;0.95;6.312109;0.151473;2.367;
1;0;0.97;6.141096;0.162087;2.356387;
1;0;0.99;5.963217;0.172151;2.346323;
1;0;1.0;5.780045;0.181531;2.336942;
1;1;1.0;5.593466;0.183063;2.32843;
1;1;1.0;5.403636;0.176656;2.320874;
1;1;1.0;5.210781;0.162204;2.314382;
1;1;1.0;5.015214;0.139574;2.309087;
1;0;1.0;4.817225;0.144357;2.304304;
1;0;1.0;4.619379;0.149477;2.299184;
1;0;1.0;4.421691;0.15497;2.29369;
1;0;1.0;4.224179;0.160879;2.287781;
1;1;1.0;4.026637;0.159997;2.281682;
1;1;1.0;3.828853;0.152062;2.275655;
1;1;1.0;3.630644;0.136764;2.270008;
1;0;1.0;3.432595;0.142916;2.263857;
1;0;1.0;3.23473;0.149643;2.25713;
1;0;1.0;3.037075;0.157029;2.249744;
1;0;1.0;2.839663;0.165175;2.241598;
1;0;1.0;2.642534;0.174203;2.23257;
1;0;1.0;2.445735;0.184263;2.22251;
1;0;1.0;2.249328;0.195541;2.211232;
1;0;1.0;2.053386;0.208268;2.198505;
1;0;1.0;1.858007;0.222738;2.184035;
1;0;1.0;1.663315;0.239327;2.167446;
1;0;1.0;1.46947;0.258526;2.148246;
1;0;1.0;1.276691;0.280987;2.125786;
1;0;1.0;1.085272;0.307586;2.099186;
1;0;1.0;0.895626;0.339535;2.067238;
1;0;1.0;0.708343;0.378535;2.028237;
1;-1;1.0;0.524878;0.434857;1.978897;
1;-1;1.0;0.347483;0.513266;1.914451;
1;-1;1.0;0.179752;0.620634;1.828026;
1;-1;1.0;0.027488;0.766408;1.710178;
1;-1;1.0;7.83797;-0.528127;-1.063549;
1;-1;1.0;7.661655;-0.497029;-1.052759;
1;-1;1.0;7.481848;-0.458377;-1.042542;
1;-1;1.0;7.298502;-0.412089;-1.032979;
1;-1;1.0;7.111914;-0.358114;-1.024122;
1;-1;1.0;6.922644;-0.296385;-1.016038;
1;-1;1.0;6.731537;-0.226809;-1.008819;
1;-1;1.0;6.539749;-0.149269;-1.002584;
1;-1;1.0;6.348761;-0.063613;-0.997483;
1;-1;1.0;6.160389;0.030345;-0.993702;
1;-1;1.0;5.976789;0.132828;-0.991466;
1;0;1.0;5.78995;0.131862;-0.9905;
1;0;1.0;5.599845;0.132273;-0.99091;
1;0;1.0;5.406488;0.134183;-0.992821;
1;0;1.0;5.209935;0.137737;-0.996375;
1;0;1.0;5.011892;0.142305;-1.000942;
1;0;1.0;4.813982;0.147183;-1.005821;
1;0;1.0;4.616221;0.152406;-1.011044;
1;0;1.0;4.418625;0.158009;-1.016647;
1;0;1.0;4.221211;0.164037;-1.022675;
1;0;1.0;4.024002;0.170538;-1.029175;
1;0;1.0;3.827023;0.17757;-1.036207;
1;0;1.0;3.630302;0.185199;-1.043837;
1;0;1.0;3.433875;0.193506;-1.052143;
1;0;1.0;3.237783;0.202581;-1.061219;
1;0;1.0;3.042073;0.212537;-1.071174;
1;0;1.0;2.846804;0.223504;-1.082142;
1;0;1.0;2.652048;0.235642;-1.09428;
1;0;1.0;2.45789;0.249146;-1.107784;
1;1;1.0;2.264079;0.256859;-1.122478;
0;1;1.0;2.070326;0.258564;-1.138146;
-1;1;0.97;1.882129;0.253235;-1.153977;
-1;1;0.94;1.699178;0.240165;-1.169493;
-1;1;0.91;1.521218;0.218524;-1.184111;
-1;1;0.88;1.348084;0.187334;-1.197113;
-1;1;0.85;1.179703;0.1456;-1.207784;
-1;1;0.82;1.016158;0.092383;-1.215486;
-1;1;0.79;0.85781;0.026547;-1.219407;
-1;1;0.76;0.705348;-0.053295;-1.218506;
-1;1;0.73;0.559837;-0.148853;-1.211454;
-1;1;0.7;0.422779;-0.262205;-1.196581;
-1;1;0.67;0.29618;-0.395807;-1.171877;
-1;1;0.64;0.182213;-0.552434;-1.135057;
-1;1;0.61;0.082253;-0.735141;-1.083601;
-1;1;0.58;7.016998;1.073567;2.412323;
-1;1;0.55;6.975137;0.929744;2.400164;
0;1;0.55;6.922959;0.772318;2.388915;
0;1;0.55;6.860204;0.601316;2.378548;
1;1;0.57;6.786639;0.417207;2.36904;
1;1;0.59;6.702052;0.220423;2.360376;
1;1;0.61;6.606257;0.011361;2.352543;
1;0;0.63;6.499086;0.018365;2.34554;
1;0;0.65;6.380393;0.024537;2.339367;
1;0;0.67;6.254034;0.029745;2.33416;
1;0;0.69;6.121826;0.03389;2.330014;
1;0;0.71;5.983664;0.036925;2.32698;
1;0;0.73;5.839473;0.038789;2.325115;
1;0;0.75;5.689588;0.039659;2.324246;
1;0;0.77;5.535712;0.040593;2.323311;
1;0;0.79;5.377846;0.041599;2.322306;
1;0;0.81;5.21599;0.042682;2.321222;
1;0;0.83;5.050145;0.043853;2.320052;
1;0;0.85;4.880313;0.04512;2.318784;
1;0;0.87;4.706496;0.046496;2.317409;
1;0;0.89;4.528694;0.047992;2.315912;
1;0;0.91;4.346911;0.049625;2.314279;
1;0;0.93;4.161148;0.051413;2.312492;
1;0;0.95;3.971409;0.053377;2.310528;
1;0;0.97;3.777696;0.055543;2.308361;
1;0;0.99;3.580015;0.057943;2.305961;
1;0;1.0;3.380366;0.060587;2.303317;
1;0;1.0;3.18075;0.063484;2.300421;
1;0;1.0;2.981173;0.066671;2.297234;
1;0;1.0;2.781641;0.070194;2.29371;
1;0;1.0;2.582161;0.07411;2.289794;
1;0;1.0;2.382742;0.078488;2.285417;
1;0;1.0;2.183397;0.083414;2.280491;
1;0;1.0;1.984139;0.088998;2.274906;
1;0;1.0;1.784987;0.095381;2.268524;
1;0;1.0;1.585966;0.102747;2.261158;
1;0;1.0;1.387109;0.11134;2.252564;
1;-1;1.0;1.188635;0.129109;2.241777;
1;-1;1.0;0.990883;0.157396;2.227453;
1;-1;1.0;0.794405;0.198113;2.207679;
1;-1;1.0;0.600121;0.254055;2.179663;
1;-1;1.0;0.409565;0.329404;2.13922;
1;-1;1.0;0.225344;0.430546;2.079966;
1;-1;1.0;0.051944;0.567225;1.992157;
1;-1;1.0;3.098654;-0.315342;-1.193813;
1;-1;1.0;2.906713;-0.266174;-1.180148;
1;-1;1.0;2.713679;-0.208725;-1.167784;
1;-1;1.0;2.52048;-0.142643;-1.157072;
1;-1;1.0;2.32832;-0.067446;-1.148493;
1;0;1.0;2.132261;-0.074176;-1.141763;
1;0;1.0;1.932848;-0.07923;-1.136709;
1;1;1.0;1.733645;-0.092511;-1.13041;
0;1;1.0;1.534867;-0.114858;-1.122025;
0;1;1.0;1.336865;-0.147389;-1.110438;
0;1;1.0;1.140215;-0.191615;-1.094138;
0;1;1.0;0.945843;-0.249607;-1.071052;
-1;1;0.97;0.760923;-0.3234;-1.039363;
-1;1;0.94;0.58711;-0.415888;-0.996405;
-1;1;0.91;0.426528;-0.530275;-0.939221;
-1;1;0.88;0.282205;-0.670133;-0.864499;
-1;1;0.85;0.158175;-0.838781;-0.7692;
-1;1;0.82;0.059317;-1.037877;-0.651967;
-1;1;0.79;12.526839;1.324949;-2.127124;
-1;1;0.76;12.492465;1.235706;-2.137767;
-1;1;0.73;12.449781;1.136199;-2.147709;
-1;1;0.7;12.398493;1.026029;-2.156963;
-1;1;0.67;12.338334;0.904763;-2.165539;
0;1;0.67;12.26906;0.772409;-2.173447;
0;1;0.67;12.190447;0.628973;-2.180694;
1;1;0.69;12.102294;0.474762;-2.187283;
1;1;0.71;12.004419;0.310062;-2.193216;
1;0;0.73;11.896658;0.315337;-2.198491;
1;0;0.75;11.778868;0.319952;-2.203106;
1;0;0.77;11.650923;0.323897;-2.207051;
1;0;0.79;11.513138;0.327874;-2.211028;
1;0;0.81;11.365626;0.332071;-2.215225;
1;0;0.83;11.208815;0.336503;-2.219658;
1;1;0.85;11.048018;0.33284;-2.224207;
1;1;0.87;10.88279;0.321161;-2.228766;
1;1;0.89;10.712703;0.301527;-2.233215;
1;1;0.91;10.537387;0.273978;-2.237419;
1;1;0.93;10.35657;0.238526;-2.241228;
1;1;0.95;10.170117;0.195162;-2.244472;
1;1;0.97;9.978086;0.143845;-2.246962;
1;0;0.99;9.782168;0.146477;-2.249594;
1;0;1.0;9.58435;0.149235;-2.252352;
1;0;1.0;9.386616;0.152098;-2.255215;
1;0;1.0;9.18897;0.155072;-2.258189;
1;0;1.0;8.991417;0.158164;-2.261281;
1;0;1.0;8.793964;0.16138;-2.264497;
1;1;1.0;8.596393;0.157604;-2.267703;
1;1;1.0;8.398496;0.146687;-2.270749;
1;1;1.0;8.20011;0.12847;-2.273475;
1;1;1.0;8.001142;0.102775;-2.275705;
1;0;1.0;7.802221;0.105106;-2.278036;
1;0;1.0;7.603351;0.107545;-2.280475;
1;0;1.0;7.404533;0.110099;-2.28303;
1;0;1.0;7.205774;0.112777;-2.285708;
1;0;1.0;7.007076;0.115588;-2.288519;
1;0;1.0;6.808445;0.118542;-2.291473;
1;0;1.0;6.609885;0.12165;-2.294581;
1;0;1.0;6.411403;0.124925;-2.297855;
1;1;1.0;6.212831;0.121206;-2.301118;
1;1;1.0;6.014012;0.110296;-2.30417;
1;1;1.0;5.814833;0.091971;-2.306789;
1;1;1.0;5.615256;0.06598;-2.308724;
1;0;1.0;5.415705;0.068036;-2.31078;
1;0;1.0;5.216182;0.070223;-2.312967;
1;0;1.0;5.016692;0.072555;-2.315299;
1;0;1.0;4.817236;0.075048;-2.317792;
1;1;1.0;4.617715;0.070488;-2.320213;
1;1;1.0;4.418047;0.058611;-2.322298;
1;1;1.0;4.218194;0.03911;-2.323742;
1;0;1.0;4.018353;0.040668;-2.3253;
1;0;1.0;3.818525;0.042356;-2.326988;
1;0;1.0;3.618712;0.044189;-2.328821;
1;0;1.0;3.418916;0.046189;-2.33082;
1;0;1.0;3.21914;0.048377;-2.333009;
1;1;1.0;3.01932;0.043455;-2.335068;
1;1;1.0;2.819411;0.031037;-2.336613;
1;1;1.0;2.619422;0.010651;-2.33717;
1;1;1.0;2.419453;-0.018285;-2.33616;
1;1;1.0;2.219754;-0.056494;-2.332857;
1;1;1.0;2.020785;-0.104885;-2.326354;
1;1;1.0;1.82331;-0.164603;-2.315505;
1;1;1.0;1.628584;-0.236901;-2.299059;
1;0;1.0;1.434622;-0.256181;-2.279778;
1;0;1.0;1.241722;-0.27879;-2.257169;
1;0;1.0;1.050183;-0.305638;-2.230321;
1;0;1.0;0.860426;-0.337992;-2.197967;
1;0;1.0;0.673056;-0.377641;-2.158318;
1;1;1.0;0.48956;-0.435023;-2.107918;
1;1;1.0;0.312257;-0.515187;-2.041716;
1;1;1.0;0.144886;-0.625484;-1.952363;
1;1;1.0;3.128531;0.301035;-2.31438;
1;1;1.0;2.935923;0.279492;-2.327744;
1;1;1.0;2.741838;0.250186;-2.340325;
1;1;1.0;2.546103;0.212594;-2.351603;
1;1;1.0;2.3487;0.166067;-2.360926;
1;1;1.0;2.149832;0.109779;-2.36747;
1;1;1.0;1.950346;0.042787;-2.370292;
1;1;1.0;1.750678;-0.035917;-2.368382;
1;0;1.0;1.550817;-0.038732;-2.365567;
1;0;1.0;1.350979;-0.042026;-2.362272;
1;0;1.0;1.151172;-0.045932;-2.358366;
1;0;1.0;0.951405;-0.050638;-2.35366;
1;0;1.0;0.751691;-0.056418;-2.347881;
1;1;1.0;0.552144;-0.071563;-2.339717;
1;1;1.0;0.352983;-0.098153;-2.32709;
1;1;1.0;0.154644;-0.139679;-2.306508;
1;1;1.0;5.896799;0.561116;-3.035227;
1;1;1.0;5.724606;0.541147;-3.050166;
1;1;1.0;5.549719;0.51388;-3.064786;
1;1;1.0;5.371586;0.479087;-3.078863;
1;1;1.0;5.189779;0.436508;-3.092134;
1;1;1.0;5.003976;0.38605;-3.104508;
1;1;1.0;4.814117;0.327659;-3.11593;
1;1;1.0;4.620455;0.261265;-3.12633;
1;1;1.0;4.423601;0.186784;-3.135625;
1;0;1.0;4.22722;0.194865;3.139479;
1;0;1.0;4.031154;0.202562;3.131782;
1;0;1.0;3.835411;0.210884;3.12346;
1;0;1.0;3.64003;0.219906;3.114438;
1;0;1.0;3.445061;0.229721;3.104623;
1;1;1.0;3.250231;0.233135;3.094228;
1;1;1.0;3.055249;0.229895;3.083505;
1;1;1.0;2.859822;0.2197;3.072756;
1;1;1.0;2.663687;0.20218;3.062351;
1;1;1.0;2.466638;0.176879;3.052745;
1;0;1.0;2.269948;0.187641;3.041983;
1;0;1.0;2.073685;0.19978;3.029845;
1;0;1.0;1.877937;0.213571;3.016053;
1;0;1.0;1.682816;0.229373;3.000251;
1;0;1.0;1.48847;0.247647;2.981977;
1;0;1.0;1.295095;0.26901;2.960614;
1;0;1.0;1.10296;0.294289;2.935335;
1;0;1.0;0.912438;0.324628;2.904997;
1;0;1.0;0.724065;0.361636;2.867988;
1;1;1.0;0.53808;0.399826;2.822817;
1;1;1.0;0.354878;0.441449;2.767232;
1;1;1.0;0.175141;0.490037;2.6977;
0;1;1.0;0.000102;0.551389;2.608422;
0;1;1.0;1.708801;0.170831;-1.396357;
0;1;1.0;1.510593;0.139187;-1.4066;
-1;1;0.97;1.317446;0.097634;-1.414133;
-1;1;0.94;1.129619;0.044751;-1.417762;
-1;1;0.91;0.947754;-0.02101;-1.416185;
-1;1;0.88;0.772862;-0.101606;-1.407706;
-1;1;0.85;0.606115;-0.199552;-1.39009;
-1;1;0.82;0.448313;-0.317999;-1.360487;
-1;1;0.79;0.300924;-0.460999;-1.315169;
-1;1;0.76;0.166423;-0.633598;-1.249437;
-1;1;0.73;0.048707;-0.841554;-1.157912;
